Execution time (ms)2903
547
521
546
580
526
519
560
582
551
552
586
596
862
629
540
545
586
532
537
519
635
563
593
671
698
578
527
594
547
516
596
541
519
539
630
555
547
584
534
548
562
602
536
518
530
609
514
550
620
557
545
565
644
553
525
588
547
548
548
574
569
551
600
602
550
534
606
573
525
569
560
553
534
586
551
587
555
622
560
529
588
571
522
533
615
539
551
607
549
555
567
613
535
579
587
562
542
546
595
573
568
631
589
589
587
621
594
529
605
561
548
563
618
581
549
621
584
589
630
572
546
565
631
561
550
637
569
550
558
668
594
572
612
571
576
583
606
584
573
622
577
562
648
603
556
554
639
552
572
613
566
574
569
610
601
582
659
601
565
598
575
544
554
619
563
569
623
577
577
579
639
561
592
596
590
558
582
577
569
576
623
581
587
620
573
560
577
610
564
552
626
554
588
540
638
595
591
617
583
21350
642
602
589
576
570
562
633
570
545
589
567
572
605
668
607
574
599
586
546
538
634
557
551
608
556
581
585
658
561
552
612
579
566
572
595
562
564
641
587
609
630
560
564
541
611
579
569
628
553
555
551
624
583
590
609
566
545
595
570
551
568
622
544
557
598
591
581
576
612
551
588
603
562
544
538
622
551
594
632
577
553
537
634
541
567
621
570
559
569
629
577
590
608
591
548
592
575
553
566
20664
606
547
543
577
562
558
581
548
567
533
576
541
598
594
593
559
522
565
533
538
555
534
520
531
553
546
568
571
637
543
545
593
547
570
536
580
542
545
590
576
581
579
585
544
567
587
538
564
551
21426
558
586
568
576
580
571
579
554
587
571
613
609
578
547
583
578
574
555
539
584
548
581
588
593
642
590
547
532
523
572
539
569
568
561
541
557
608
571
547
535
577
593
559
564
564
548
529
623
534
21639
541
544
578
532
586
558
592
569
515
571
527
560
522
608
550
527
551
590
513
543
618
556
562
560
557
534
544
577
555
526
536
579
656
646
597
562
543
546
564
536
545
539
602
545
837
588
560
576
625
541
540
554
585
523
541
565
563
538
543
607
571
573
583
539
562
537
600
556
548
549
572
520
556
587
584
573
541
576
528
568
566
562
539
532
599
569
567
596
569
535
566
579
529
563
548
562
532
909
591
20880
579
614
562
561
598
555
566
552
609
596
547
573
539
544
525
596
557
552
596
542
555
563
641
585
567
577
541
529
560
578
550
538
563
545
555
558
603
547
590
595
542
538
555
616
533
572
534
622
565
560
596
550
554
543
583
558
533
583
564
531
529
611
616
585
595
533
528
563
580
545
589
587
552
544
579
690
629
551
583
554
565
530
580
549
548
584
571
550
607
625
538
540
590
546
542
546
573
547
557
20997
577
544
582
586
540
552
603
552
533
566
599
544
528
572
611
531
564
614
568
555
606
550
529
533
642
546
558
593
549
560
558
607
588
541
620
571
583
573
627
543
546
594
608
543
538
590
565
631
667
633
641
675
614
627
621
692
618
631
668
612
630
661
617
548
629
621
604
559
628
567
577
602
562
600
644
617
550
588
587
552
546
573
618
572
555
575
557
851
587
568
567
536
583
542
570
592
572
540
575
20538
559
547
582
562
533
519
592
549
565
556
566
571
550
582
549
549
541
622
583
538
545
559
548
535
567
550
563
540
581
532
560
558
526
532
536
587
539
545
543
577
570
530
604
530
530
545
614
579
633
613
534
643
536
612
558
556
557
574
548
554
560
579
557
548
562
578
541
587
593
556
549
557
536
553
573
570
532
547
592
540
553
547
618
546
555
554
566
524
559
574
546
559
558
523
551
553
621
550
555
21232
586
580
600
567
545
590
547
572
568
600
574
533
546
602
587
600
596
579
567
583
562
563
545
613
568
570
583
588
556
599
589
582
529
563
561
628
655
699
563
576
633
587
668
654
650
592
623
640
565
609
614
587
573
743
819
754
813
772
705
816
783
832
795
769
801
831
809
749
759
801
735
847
874
763
767
854
655
629
745
696
667
814
708
758
815
690
769
868
666
749
844
673
638
853
805
849
912
758
759
21848
635
762
638
644
814
641
652
787
639
653
760
684
678
720
655
744
687
636
735
680
632
722
711
628
717
727
784
755
645
641
777
662
617
755
598
616
763
609
633
738
654
645
787
646
637
740
622
645
749
633
626
787
654
705
705
640
674
689
641
692
698
637
688
705
652
695
700
608
642
689
630
788
766
682
818
752
657
769
762
668
769
863
730
653
802
702
744
804
658
780
752
633
783
692
661
792
669
690
795
21426
790
597
620
701
676
604
749
649
601
704
641
596
697
658
598
742
688
621
709
666
587
663
692
580
631
665
598
658
706
580
599
759
606
621
861
709
760
764
615
586
755
659
653
785
638
724
884
789
750
880
773
648
812
698
660
756
638
715
700
607
710
769
639
601
724
613
633
728
614
588
716
606
634
805
629
629
752
612
644
708
604
608
684
620
718
874
706
646
674
614
555
699
596
594
605
698
599
620
763
21433
710
603
598
700
560
550
651
558
546
570
627
557
578
661
578
578
610
627
569
544
670
569
558
644
578
556
613
624
554
566
664
563
578
641
584
556
573
659
550
558
636
576
549
648
612
561
569
677
571
550
656
575
577
648
612
578
561
670
556
557
628
577
548
580
640
583
541
684
574
581
635
595
594
585
627
580
578
706
607
697
708
580
652
668
600
579
642
601
553
584
765
605
562
685
576
561
649
577
558
21326
562
552
665
569
543
594
592
540
573
659
557
567
620
558
565
556
645
555
553
633
544
533
564
627
536
545
621
565
545
561
638
560
548
625
566
590
581
636
537
565
644
570
567
590
594
551
530
654
561
538
594
589
587
573
632
541
542
597
569
565
593
717
662
584
696
569
680
553
670
600
565
619
570
550
545
657
556
553
647
568
544
650
628
580
562
652
574
556
629
570
552
546
664
579
567
650
623
538
616
21167
561
594
608
556
598
537
580
528
580
566
568
606
565
551
568
611
549
570
575
564
542
549
603
540
554
549
585
556
557
603
579
532
532
601
533
551
609
573
552
533
602
552
548
595
552
546
550
576
533
539
538
573
549
558
585
578
590
571
583
548
548
599
538
530
562
582
559
536
638
571
558
559
597
567
517
574
540
550
528
561
544
544
561
616
569
563
575
529
575
546
562
550
541
591
570
555
575
616
580
21370
583
582
583
613
559
546
589
567
569
552
580
565
564
601
551
574
583
639
552
549
581
547
558
550
595
546
574
595
565
567
591
624
547
543
623
594
544
575
566
531
551
622
586
563
595
560
552
566
618
549
551
579
574
551
554
623
570
591
593
569
548
564
582
579
574
560
578
571
583
634
610
613
693
651
663
661
623
557
632
644
573
582
614
569
571
598
543
602
607
617
842
581
621
561
536
598
559
594
566
21192
558
642
415
363
337
502
30
545
437
33
32
299
364
526
40
360
346
361
32
366
457
427
380
331
325
344
339
34
358
359
466
364
30
566
511
572
360
508
504
347
477
454
543
330
372
334
335
394
34
45
40
36
490
361
322
370
363
291
347
504
500
368
515
591
354
33
383
572
377
34
366
482
31
365
356
348
476
353
287
294
482
318
31
354
508
331
322
368
355
348
407
356
365
468
409
474
368
472
372
20995
570
556
606
568
538
539
603
580
568
589
590
577
778
724
542
556
617
566
569
578
559
570
574
632
593
567
625
573
591
544
634
576
545
638
561
562
547
661
588
559
616
554
551
556
582
578
535
611
553
530
575
627
599
574
591
548
554
552
594
567
546
593
539
544
577
654
563
549
619
584
552
571
584
557
541
594
544
576
584
639
536
551
592
565
541
556
613
553
538
597
572
566
560
657
554
529
603
563
544
21537
599
553
657
553
573
606
549
566
573
568
591
573
642
556
576
599
566
543
562
615
555
579
604
579
568
576
632
570
564
21770
608
660
568
596
543
618
572
536
596
560
553
576
674
578
577
665
559
549
624
556
585
583
616
546
612
617
594
576
610
593
565
540
621
562
555
573
605
557
557
673
589
600
628
553
569
567
615
576
575
654
584
569
614
580
602
569
628
584
568
617
587
550
570
621
579
563
651
585
543
21286
591
574
625
603
567
604
543
563
553
614
568
551
584
568
561
581
633
584
573
595
613
544
538
639
553
544
647
593
580
616
587
541
577
596
574
537
596
555
528
533
585
560
574
603
561
540
547
587
591
547
558
589
547
545
609
581
571
563
580
550
605
613
569
537
558
624
527
552
610
622
604
578
546
557
529
572
550
521
567
593
553
549
612
568
565
539
601
565
557
608
549
546
589
590
559
578
621
597
553
21013
595
585
618
597
574
585
588
579
555
602
570
571
579
608
599
596
634
589
582
572
583
566
601
594
574
601
586
604
621
602
637
581
572
601
599
578
602
599
570
574
619
605
588
627
572
574
602
605
575
566
602
572
575
603
601
594
610
620
567
562
614
569
583
598
557
603
567
652
602
609
596
586
585
596
594
583
579
588
572
588
652
621
617
569
631
567
591
604
590
567
602
591
573
601
632
598
591
598
575
21353
599
553
553
573
563
572
589
551
551
537
582
573
583
584
555
542
572
592
563
569
564
579
557
569
585
580
549
570
577
552
583
598
540
556
587
569
548
593
571
601
562
573
558
573
557
599
576
579
578
570
538
557
583
543
580
565
597
602
549
583
551
562
567
579
596
556
583
547
567
548
585
568
607
655
645
643
651
646
664
697
623
662
608
602
585
619
585
612
587
576
617
571
547
564
629
595
554
614
611
1168
568
548
543
596
553
540
539
575
570
535
581
530
543
522
573
554
551
542
562
530
542
577
576
553
570
605
571
537
592
582
540
542
592
559
572
570
553
549
560
587
566
539
572
589
545
563
594
536
571
554
590
557
542
581
560
584
551
577
543
561
574
581
543
550
596
570
546
575
552
572
558
586
547
544
585
552
544
534
588
554
556
633
618
579
649
661
550
557
667
635
657
797
610
566
567
603
547
539
633
21286
22182
580
584
534
516
604
549
556
535
642
529
544
583
539
572
551
642
542
525
609
526
538
533
609
564
500
551
579
565
552
617
531
532
540
607
522
523
594
526
526
509
594
571
552
566
573
538
508
579
539
550
540
604
542
530
573
624
558
581
613
538
521
544
555
517
504
577
536
543
529
657
557
542
541
566
515
508
591
665
560
551
574
575
537
630
587
537
561
611
566
513
609
531
508
540
617
543
545
651
21502
632
588
558
610
573
560
573
618
556
557
593
603
566
570
632
616
558
603
572
575
570
644
534
557
618
543
574
600
646
568
555
633
572
564
619
574
537
540
633
573
548
625
604
539
534
604
583
556
603
565
579
553
667
567
594
706
670
628
628
602
590
576
670
564
575
641
570
542
611
632
592
565
645
557
548
652
565
574
576
611
577
546
648
555
531
594
571
546
560
649
551
559
584
591
538
542
613
567
557
19730
554
592
549
548
553
623
555
569
603
574
541
533
576
592
540
577
546
544
539
569
544
541
561
547
542
545
589
549
539
552
596
563
559
585
551
544
545
569
570
576
574
544
571
627
615
640
602
601
592
601
562
601
549
583
578
536
527
555
580
571
548
583
537
546
572
592
554
579
539
560
554
563
555
553
557
527
572
542
557
611
570
558
556
585
549
544
569
542
536
550
564
556
574
585
586
552
518
583
542
21652
540
547
535
612
549
531
535
596
583
530
559
535
576
532
563
525
529
552
588
539
531
594
521
536
530
585
537
517
512
548
542
527
575
532
517
534
571
534
556
515
575
554
528
608
540
529
540
571
549
537
533
634
575
556
659
624
528
579
719
694
647
630
558
558
684
730
541
534
571
538
524
536
564
538
566
581
656
637
652
669
548
608
741
688
607
634
581
633
721
671
666
649
643
593
674
754
697
608
598
21508
588
653
633
596
628
596
556
554
582
557
542
563
580
589
527
577
539
546
547
573
534
522
573
597
542
572
597
555
549
550
586
535
541
620
591
536
568
597
540
537
579
565
541
556
580
566
575
641
569
552
573
598
531
544
586
569
534
578
597
574
528
559
554
558
532
583
532
536
527
591
567
545
583
612
591
572
612
689
765
672
591
602
616
708
724
585
633
593
722
671
727
676
609
637
585
654
593
626
664
21689
603
575
541
575
544
528
568
588
556
567
594
569
556
564
578
559
520
572
601
551
625
703
730
549
560
637
566
529
557
605
573
533
658
567
562
541
619
565
536
615
546
568
557
614
537
551
624
559
539
545
590
537
546
604
544
525
568
617
572
566
597
544
546
525
626
583
584
626
548
534
546
680
606
656
688
551
576
666
615
588
567
618
570
576
606
581
604
548
629
564
544
611
546
573
557
666
553
543
592
20558
540
563
573
552
528
547
549
515
532
581
547
565
529
589
545
576
586
590
533
551
585
533
528
535
531
565
514
593
522
524
519
562
535
546
543
585
529
542
577
555
519
546
582
529
534
517
587
562
526
575
546
526
525
576
550
542
527
557
537
544
656
593
627
630
567
596
608
601
532
576
596
537
525
553
578
539
518
551
566
519
528
574
564
559
555
585
528
545
560
550
527
543
574
548
558
535
605
569
561
21647
583
627
567
585
573
565
548
534
623
560
578
574
558
556
583
799
582
579
617
559
539
548
624
536
571
594
546
594
627
582
536
555
595
547
547
548
575
572
560
580
550
572
595
606
524
547
603
572
577
544
597
541
535
588
594
564
628
590
572
565
591
572
563
571
614
567
556
776
565
564
628
588
564
543
599
531
534
592
539
551
569
592
584
579
584
549
550
562
569
577
553
582
551
553
561
599
593
574
593
21544
20793
561
566
548
529
509
505
577
547
567
538
546
553
508
507
540
565
524
526
550
559
518
599
553
555
506
544
544
501
526
569
521
490
529
506
516
541
586
540
571
502
522
507
516
480
537
501
538
505
596
509
527
572
560
528
509
543
510
528
581
623
609
579
586
665
657
585
588
561
637
547
571
538
535
564
532
511
517
622
576
542
525
600
497
522
536
563
505
520
602
521
531
513
567
548
504
528
532
550
20999
583
561
571
569
541
546
539
608
533
564
582
579
565
534
574
545
551
563
543
545
555
572
571
529
591
555
534
544
563
572
524
545
574
579
541
586
575
558
555
587
543
581
591
576
558
544
627
539
572
553
539
549
587
636
658
559
554
614
617
548
588
607
574
533
584
543
534
528
650
581
531
590
599
557
555
608
550
544
570
539
566
577
581
561
546
599
555
566
569
606
554
575
572
535
569
537
579
529
544
20731
569
525
545
600
566
540
541
581
580
565
593
542
539
518
574
591
595
588
546
509
518
572
558
570
558
576
517
541
572
552
538
550
600
560
564
574
568
578
584
593
535
530
552
549
549
534
572
523
536
519
620
568
592
576
556
524
528
556
561
529
519
564
557
526
630
567
558
548
601
565
642
597
536
548
565
623
551
631
625
573
571
559
553
529
531
571
524
540
559
563
518
547
588
567
564
528
566
561
562
21541
636
552
594
555
540
604
596
534
583
583
562
565
629
591
578
537
588
580
559
607
560
557
572
624
536
561
631
610
555
544
609
544
540
594
561
540
536
589
552
590
613
569
545
544
601
569
543
606
579
560
567
600
578
586
642
590
578
565
582
559
541
597
554
548
534
640
563
541
631
551
537
560
606
558
578
590
575
548
536
622
591
584
637
554
542
584
570
578
558
612
560
549
587
609
605
560
621
572
550
21967
565
598
569
555
607
535
534
525
582
546
548
601
574
574
536
578
525
510
531
555
554
557
582
591
541
563
614
551
548
602
539
532
524
588
537
525
541
546
532
583
597
566
550
554
569
539
528
596
526
531
511
565
527
557
547
612
543
523
562
539
534
517
574
525
528
548
580
553
574
615
553
519
522
597
550
566
573
533
529
564
573
552
565
636
604
527
550
585
551
533
524
587
530
545
608
556
569
558
596
21566
638
589
559
603
564
570
563
557
559
537
624
559
572
544
594
572
554
574
532
550
531
570
553
547
566
545
525
526
602
566
580
554
537
537
563
574
558
608
560
588
545
549
598
580
579
547
574
541
534
589
536
541
558
600
542
571
594
573
551
545
579
549
530
576
568
550
546
584
528
558
562
621
565
576
558
567
547
561
567
538
544
579
571
585
582
587
558
562
571
535
544
567
567
538
569
531
593
569
563
21191
576
560
632
610
540
578
551
579
567
609
551
536
583
557
578
540
583
559
572
580
553
567
580
569
540
529
580
537
571
547
591
551
547
549
579
545
556
581
540
542
560
569
547
576
588
546
559
537
565
570
548
575
545
556
542
611
545
547
535
569
546
554
553
583
549
562
565
536
527
20996
565
552
590
624
556
542
604
575
614
611
558
543
568
612
578
573
581
599
565
569
591
585
582
651
566
578
582
594
568
21278
558
551
598
574
572
543
599
578
564
594
581
548
559
598
568
574
544
611
563
547
595
559
546
545
576
569
565
582
581
554
556
608
559
604
692
669
599
574
643
576
576
632
606
564
558
591
549
566
586
579
559
545
587
588
583
609
587
553
579
640
571
549
601
550
572
577
581
570
568
597
557
557
581
556
567
557
590
576
545
543
575
597
583
607
582
581
585
563
549
587
597
588
563
587
601
574
596
601
568
20965
618
588
582
590
530
536
539
594
556
520
567
566
539
537
581
596
570
594
549
552
544
602
538
579
567
548
544
546
618
584
540
554
577
555
535
582
555
539
546
594
569
530
669
726
600
535
609
554
538
587
547
543
561
576
568
567
616
573
575
538
594
550
608
584
602
566
550
594
558
568
621
602
568
538
604
534
557
588
549
543
523
597
551
563
605
581
530
529
586
543
538
565
583
535
574
603
585
586
561
21558
571
607
580
583
615
552
537
554
601
564
547
621
573
560
525
644
560
564
599
551
560
575
561
550
552
593
568
535
533
639
575
572
606
555
578
559
612
640
584
614
512
560
598
579
577
610
586
556
589
613
546
534
578
591
577
528
617
595
590
553
610
545
546
604
580
550
559
632
563
577
612
577
560
548
608
566
543
576
561
531
535
589
551
558
600
585
557
562
582
569
568
595
585
550
537
601
570
600
619
21486
630
557
583
572
629
548
566
610
549
549
584
579
556
567
636
582
576
603
566
545
573
616
561
566
611
563
561
571
601
585
567
644
577
549
532
601
578
562
584
553
570
534
610
618
574
609
637
542
566
571
555
559
621
546
560
612
629
586
569
590
568
576
595
546
569
543
611
591
552
638
591
591
543
579
572
550
587
545
550
562
601
578
567
622
621
558
557
593
575
560
568
556
569
550
599
544
579
635
587
21512
587
21377
538
545
535
558
551
578
581
586
570
556
553
549
538
550
598
528
543
565
537
529
558
610
569
578
549
525
538
550
585
566
579
560
576
548
585
586
572
543
578
580
539
527
555
544
533
534
563
575
573
591
575
533
550
563
561
565
530
601
529
552
572
602
571
595
576
524
527
580
565
542
533
584
542
539
549
682
663
562
593
544
563
577
565
575
547
574
540
589
577
552
522
601
556
542
538
532
582
20140
546
545
571
549
534
544
617
555
562
569
545
555
557
573
532
528
530
538
538
534
570
585
519
547
583
540
514
555
540
509
531
581
545
531
542
549
522
522
539
595
558
506
573
561
528
569
559
525
526
563
584
538
588
621
638
624
628
631
592
591
656
626
610
611
624
606
540
670
549
555
608
569
533
526
572
553
553
585
616
570
528
576
558
537
527
589
532
548
561
556
528
536
594
551
536
566
572
549
536
21538
571
630
596
667
627
675
577
627
603
590
599
583
589
560
532
603
570
535
541
621
547
570
609
583
569
591
574
558
578
586
547
559
541
618
568
558
646
589
605
596
561
568
564
587
550
571
605
590
589
568
610
572
563
594
547
551
563
578
542
532
596
565
530
561
594
604
557
575
544
544
545
583
594
543
552
583
571
583
619
599
551
567
565
533
576
610
548
551
553
595
561
571
624
590
536
549
589
565
564
20992
683
715
553
596
520
549
608
574
542
526
617
548
551
614
585
564
538
629
525
546
584
553
564
538
568
523
555
608
589
530
530
597
551
552
535
584
530
549
582
547
571
575
617
566
538
619
553
541
543
597
564
541
586
567
567
566
575
543
538
572
575
532
544
591
553
536
599
616
574
21245
571
650
612
613
586
582
649
561
551
618
626
595
643
600
552
545
649
550
572
617
557
572
536
643
516
550
590
583
558
21740
558
618
566
559
532
610
558
535
588
617
536
545
623
575
520
553
608
521
532
604
549
515
528
632
538
545
610
562
543
539
615
550
530
839
563
530
572
564
526
535
623
547
548
572
603
557
525
612
536
532
592
709
574
667
666
552
644
623
579
557
627
591
545
531
631
561
556
584
603
551
571
654
558
567
636
548
528
523
629
568
539
579
592
527
573
852
559
606
623
574
559
607
535
550
528
623
549
543
636
591
556
552
595
552
525
543
596
521
516
633
541
533
556
669
547
543
612
586
518
560
620
538
540
610
550
554
556
653
586
524
636
530
521
556
661
542
578
652
551
588
601
608
536
549
610
525
541
559
609
558
518
609
560
579
566
637
542
556
611
571
546
547
595
529
526
627
558
569
601
604
530
541
582
572
551
532
627
530
551
613
565
587
567
617
546
556
597
538
541
561
862
517
558
643
581
544
595
527
557
21077
650
577
599
596
551
552
659
551
564
637
569
540
572
609
612
574
608
558
554
551
589
552
551
631
570
555
584
602
599
577
580
554
549
593
563
541
563
610
559
598
618
581
582
530
580
572
557
546
567
558
570
591
562
576
602
580
570
578
582
584
534
571
579
545
554
578
594
576
622
546
548
557
584
560
523
535
593
536
546
596
599
570
577
618
565
564
583
567
589
573
603
586
561
635
584
607
614
595
565
21970
606
601
557
560
587
556
539
551
591
547
543
574
581
579
556
596
556
543
568
566
553
543
601
572
551
575
616
583
561
582
548
530
533
611
530
578
615
558
540
601
618
581
542
639
548
542
589
639
543
573
596
538
567
575
599
566
528
605
550
573
571
572
554
537
573
564
578
600
626
547
551
583
544
554
594
576
571
569
604
566
571
583
629
548
551
591
565
561
558
564
567
551
588
571
568
593
591
547
578
20824
578
568
607
541
541
577
575
538
555
585
546
527
578
594
582
568
596
550
525
537
558
555
530
544
586
542
543
597
570
576
555
567
551
560
588
560
529
538
588
576
578
590
560
638
550
575
600
552
563
561
547
523
572
546
557
560
592
552
541
563
549
543
550
586
545
570
587
549
553
573
607
574
563
565
546
532
557
586
535
554
543
588
562
552
583
561
548
567
580
534
555
556
565
545
561
559
556
584
598
21656
583
640
573
602
648
561
570
582
578
566
553
587
563
524
589
576
590
551
613
570
574
575
584
558
578
585
555
552
622
610
571
532
595
591
572
615
565
544
532
612
646
543
605
568
561
583
617
587
547
583
570
589
553
605
547
567
603
564
566
571
614
566
543
608
553
547
547
625
541
547
615
550
571
530
603
573
554
584
567
553
556
603
562
558
628
613
544
577
603
548
569
603
546
532
554
580
564
526
601
21384
606
549
548
564
611
556
549
582
587
574
594
688
609
619
683
597
612
622
663
624
615
669
538
575
732
583
566
600
577
558
550
589
561
582
637
570
575
564
612
539
557
628
535
549
550
596
539
559
574
569
530
544
605
551
548
522
600
545
535
581
536
553
527
635
556
549
590
581
544
548
595
556
563
577
553
533
530
610
557
541
555
595
551
564
591
557
554
566
594
541
568
596
543
555
544
625
547
582
584
20882
586
603
585
581
564
668
604
662
678
562
578
730
577
611
627
592
562
562
590
569
546
571
560
546
546
596
576
580
575
581
580
552
596
576
536
538
615
557
560
590
576
580
619
562
550
543
643
556
571
589
568
568
559
638
626
587
583
584
551
555
592
570
579
600
565
564
585
613
579
595
606
560
575
549
587
567
553
626
560
598
592
597
594
566
607
574
580
597
584
567
561
573
553
603
615
567
568
566
606
21611
611
581
556
588
550
558
578
564
550
552
565
533
557
586
593
576
553
578
536
519
520
561
552
575
558
557
569
560
584
582
537
533
602
538
531
602
549
526
563
558
560
580
576
570
571
579
572
531
513
551
555
534
548
590
576
549
554
572
573
554
586
534
520
538
626
557
527
541
608
588
550
589
552
579
559
565
517
569
592
536
561
925
576
549
564
567
568
544
602
551
545
576
570
557
535
593
562
595
555
21533
551
638
568
574
590
583
542
545
598
548
555
593
576
543
550
585
586
562
574
561
549
558
608
550
568
566
555
564
548
582
561
567
535
574
558
549
578
551
524
560
582
538
563
624
574
574
524
575
576
562
845
561
532
613
545
575
567
622
560
518
580
562
559
547
572
577
531
563
587
566
553
637
540
566
585
546
542
550
563
559
554
568
603
581
579
586
573
527
551
583
569
541
559
538
534
531
595
590
580
20907
585
593
624
590
592
594
598
561
591
627
580
573
573
596
567
571
606
583
608
611
561
575
559
593
559
552
579
591
586
558
617
625
579
590
556
558
562
589
570
560
620
562
561
573
630
588
555
593
561
549
565
580
557
569
595
576
568
591
644
590
547
593
824
549
584
566
561
568
580
583
595
610
585
573
588
631
782
606
673
620
650
684
620
650
741
580
555
719
570
595
618
628
566
588
606
607
613
657
572
20923
620
603
550
548
620
575
528
586
565
544
575
606
563
552
630
582
535
560
617
541
521
584
563
551
550
593
562
544
579
552
544
526
581
560
536
531
622
542
558
588
554
541
530
616
536
544
575
553
553
566
602
569
578
583
573
568
561
597
563
531
576
557
531
561
623
554
534
624
605
631
606
623
575
663
589
589
590
612
549
560
558
861
571
553
600
549
555
603
624
569
570
602
586
567
599
557
534
544
601
21986
566
544
542
604
542
532
575
577
562
570
588
540
533
571
571
528
565
593
579
535
544
608
565
560
580
549
533
542
592
587
552
563
530
552
543
600
557
579
554
548
539
545
566
564
540
544
605
530
567
627
574
572
523
613
532
527
590
558
576
553
579
534
540
612
592
570
530
600
540
533
584
537
544
539
590
549
561
568
610
533
558
583
540
534
534
586
532
553
570
536
560
556
606
572
536
560
557
530
521
21617
567
602
555
575
580
611
568
549
624
620
582
658
573
550
567
599
546
549
553
571
578
562
604
614
587
638
557
539
540
600
573
540
588
603
546
543
641
588
589
609
544
555
548
611
574
574
599
577
554
588
635
585
573
619
561
547
580
611
570
574
623
575
546
614
583
588
553
591
586
569
613
556
565
547
602
582
581
665
593
588
579
572
557
553
615
553
574
603
573
587
572
658
596
557
596
561
557
553
598
21200
604
547
595
550
569
529
476
460
517
535
509
523
580
499
456
750
521
456
453
456
