Execution time (ms)26606
660
609
648
625
595
626
597
596
593
624
587
597
662
634
628
687
656
634
734
677
653
759
763
656
717
649
660
712
637
642
727
640
629
667
632
626
680
650
636
733
657
634
670
640
631
674
648
682
743
627
632
741
641
624
643
709
637
694
640
630
671
626
631
648
638
640
707
643
672
672
632
628
629
661
622
636
710
636
658
654
627
643
702
651
620
675
629
649
673
623
626
673
635
624
667
622
631
678
652
26623
650
711
683
640
694
640
618
676
631
625
653
630
642
749
650
702
821
615
643
677
621
624
661
704
629
663
629
627
668
633
615
715
649
625
668
686
649
746
681
629
686
667
656
698
637
631
737
715
677
770
625
642
683
654
656
685
632
621
675
639
733
795
632
638
680
660
631
812
627
637
688
662
633
695
658
626
680
644
619
648
641
674
740
632
628
677
629
659
744
656
632
765
633
658
687
654
710
813
640
25962
689
738
658
682
648
641
718
792
625
633
731
638
628
679
632
673
682
629
686
694
649
624
672
642
651
665
660
631
629
756
630
639
779
630
671
631
636
619
661
620
645
700
637
629
683
627
622
698
621
632
705
681
646
937
637
624
707
622
621
670
644
641
690
689
651
719
629
622
681
632
627
667
666
634
667
637
810
667
646
634
727
629
632
655
630
629
675
666
712
981
750
755
931
712
749
743
632
706
648
26320
676
675
628
637
653
676
712
668
625
622
703
621
629
656
630
622
684
623
630
703
702
673
782
631
622
830
629
688
699
717
668
657
627
620
786
717
696
694
616
675
631
624
671
664
641
778
694
624
635
622
670
618
698
614
633
752
620
628
711
633
614
678
649
705
728
630
626
682
613
611
642
636
622
747
614
628
663
632
612
665
643
618
684
613
619
649
623
614
621
691
614
662
638
644
616
703
629
613
642
25644
704
654
659
664
625
614
755
611
25634
687
613
648
626
690
674
602
641
621
600
625
641
618
602
774
611
610
691
623
613
610
647
610
612
627
618
623
633
624
604
628
664
611
627
646
608
621
630
619
602
665
625
631
642
627
611
639
613
621
630
654
609
610
655
609
623
661
609
617
667
652
673
701
672
632
653
649
630
699
645
709
633
619
615
643
622
619
627
632
619
622
686
617
616
630
614
619
649
624
631
26174
657
608
616
633
621
671
632
617
615
617
656
614
637
642
627
614
635
626
662
698
620
635
686
619
621
631
644
640
646
638
664
618
645
616
622
626
621
624
642
637
621
629
623
620
653
632
629
663
621
623
617
634
639
637
629
671
621
677
629
618
630
645
623
622
618
665
631
623
620
713
871
610
631
674
631
659
706
639
618
651
625
620
645
631
686
637
616
618
679
620
626
651
622
621
640
675
625
620
659
26193
626
596
622
593
610
625
598
610
630
662
596
613
634
597
602
621
604
597
624
610
601
656
599
676
649
604
592
599
637
598
598
688
633
595
629
634
603
615
648
606
590
617
606
596
640
601
601
689
694
659
695
676
612
650
607
627
776
606
608
620
603
642
616
644
597
591
650
606
604
620
609
658
614
599
595
596
645
611
603
672
613
628
622
608
613
621
616
649
589
697
595
600
624
612
591
640
605
613
680
26297
640
610
667
608
594
657
615
607
605
633
610
673
665
597
601
637
605
605
670
678
597
643
734
612
637
658
643
645
603
658
619
636
656
603
654
697
594
650
614
600
635
611
600
630
634
608
599
633
611
615
692
613
651
612
606
725
672
623
605
629
605
649
620
601
610
601
649
620
612
632
671
650
667
609
608
616
691
610
617
608
615
605
642
604
598
620
615
600
621
613
615
623
606
634
603
635
604
611
718
26009
633
607
618
639
633
621
785
630
723
631
602
608
613
602
595
625
595
595
622
600
606
710
688
596
622
600
600
602
601
613
593
613
622
674
617
607
630
753
599
587
606
599
603
609
675
601
601
608
621
595
613
601
602
623
616
605
626
613
616
607
610
629
594
644
597
596
611
635
608
599
614
608
594
649
600
659
613
606
628
627
705
602
609
628
606
611
648
681
638
617
607
598
610
610
601
611
602
602
598
26466
648
609
635
620
631
611
638
624
647
637
612
611
641
627
692
630
690
618
645
651
768
664
619
646
639
621
609
632
617
649
625
632
614
614
627
611
619
748
620
619
656
635
640
628
616
614
654
624
610
687
616
630
619
680
618
622
698
620
656
665
633
613
627
650
628
623
631
709
646
621
612
628
612
617
640
658
607
613
628
631
615
619
619
616
629
634
617
625
647
614
621
628
608
617
636
611
618
646
615
26114
641
612
600
602
602
610
599
594
614
598
594
615
595
592
594
640
607
593
652
658
595
605
595
587
597
601
597
598
612
609
644
611
621
612
614
616
592
597
643
698
595
641
596
597
652
631
593
605
596
604
620
603
592
591
604
591
595
651
616
602
600
609
610
590
658
666
598
618
593
603
715
602
597
649
596
628
594
633
591
599
695
595
598
927
619
737
706
594
595
732
687
592
636
595
639
624
604
641
611
26341
634
672
638
607
606
642
608
611
604
637
622
621
657
678
688
649
639
668
644
619
706
633
613
619
645
598
606
638
677
633
628
614
608
626
642
612
603
638
613
606
643
620
612
632
666
605
641
607
613
608
627
608
608
628
608
667
629
627
610
630
617
697
620
616
615
606
650
619
609
635
630
600
620
662
601
714
606
630
637
632
618
664
689
645
692
826
946
793
681
886
908
943
860
875
855
657
828
746
697
26652
760
768
735
609
629
640
766
644
627
625
617
812
635
627
660
618
624
697
620
630
707
686
618
698
621
617
836
608
614
725
614
613
713
619
621
659
654
648
671
611
603
664
643
672
682
625
616
675
674
667
654
633
614
629
684
618
608
686
610
609
708
613
613
730
650
615
641
619
609
698
638
613
680
656
614
634
630
620
642
683
622
609
706
621
625
726
619
614
697
739
630
665
614
638
689
611
611
699
620
26173
639
661
621
622
794
621
624
705
627
618
675
666
611
672
617
643
692
657
610
628
677
621
653
704
657
607
714
637
631
695
636
611
920
613
624
668
617
640
709
656
621
699
616
688
685
735
613
704
627
611
702
670
623
702
626
610
715
616
622
662
627
616
804
628
609
680
671
609
729
652
633
635
629
624
695
655
667
917
624
637
666
627
648
643
620
615
623
633
613
640
626
614
641
637
758
608
652
679
625
25956
662
613
611
635
617
603
695
657
616
638
623
616
611
666
610
610
641
610
606
747
626
605
633
615
634
637
623
612
619
612
615
709
640
612
607
677
607
604
630
621
861
650
620
606
637
614
610
625
611
613
620
618
612
607
632
614
614
625
615
607
628
610
617
632
623
650
626
639
608
642
650
614
608
622
616
620
655
616
651
626
914
608
665
630
609
627
636
627
615
662
609
608
656
609
606
823
679
614
630
26125
654
633
637
615
697
676
679
619
669
738
621
657
624
620
648
644
639
640
619
623
624
648
633
627
642
777
635
687
645
663
631
613
653
747
623
621
693
619
662
622
650
672
632
620
630
669
639
620
640
663
640
656
633
754
637
637
615
658
683
624
800
615
628
663
619
611
617
629
610
620
619
672
623
624
627
633
629
643
624
642
669
687
688
914
681
713
623
668
633
635
625
650
642
636
620
631
681
626
654
26182
636
604
631
614
604
621
609
612
615
628
612
611
652
650
599
640
638
609
635
607
607
683
620
624
625
608
603
610
655
609
608
626
697
662
666
691
604
648
617
656
639
607
605
655
624
647
624
626
607
606
635
613
607
627
614
664
640
607
618
656
607
605
603
637
623
609
648
628
610
622
618
616
659
615
602
624
626
644
607
637
610
604
638
634
785
652
610
624
700
603
606
672
618
604
654
625
609
632
654
26873
737
698
805
670
625
630
678
624
625
658
613
617
636
688
620
610
701
614
609
708
617
616
684
633
631
702
633
618
686
630
620
693
624
611
625
634
637
627
679
626
652
642
643
620
646
628
615
713
621
612
711
651
613
688
622
612
713
615
624
639
635
610
656
647
617
699
670
644
644
654
618
627
723
621
667
643
613
625
639
628
612
636
637
611
653
621
621
667
615
615
629
697
615
652
675
611
610
629
635
26238
644
631
625
614
634
626
625
648
687
623
694
626
608
753
630
618
615
665
616
612
670
627
625
708
619
616
646
621
614
693
635
665
661
642
683
644
628
622
650
622
629
635
726
626
634
620
649
616
640
615
615
730
628
629
750
622
618
702
629
650
652
625
622
664
627
791
645
624
652
646
644
618
639
627
625
629
621
622
632
643
609
615
625
628
681
659
649
667
624
612
620
631
619
621
635
621
639
688
637
26383
644
652
617
630
601
611
601
599
610
643
611
623
598
624
626
630
631
611
608
611
607
605
610
596
646
610
614
627
727
610
637
602
626
601
626
602
603
627
612
602
622
625
607
612
612
602
757
664
618
614
622
649
677
639
611
606
614
614
599
623
612
607
690
608
605
603
619
599
598
681
669
618
669
607
600
621
609
608
624
648
600
599
704
601
603
634
611
604
612
607
604
874
634
622
617
609
665
624
607
24907
634
613
617
609
670
606
637
618
610
595
628
600
614
863
609
599
624
652
605
618
609
604
631
628
601
623
622
627
599
611
605
603
632
600
690
613
629
621
596
643
607
597
630
602
601
617
605
606
611
616
608
601
610
661
600
626
601
613
619
613
621
600
622
607
597
622
634
604
619
612
628
624
600
598
602
631
609
598
612
604
599
612
630
607
619
605
602
600
612
614
945
620
645
619
629
605
601
632
618
26343
767
661
731
944
814
784
614
747
673
622
649
626
729
701
716
721
722
661
658
854
730
903
866
835
850
884
875
795
976
859
902
926
860
844
899
721
735
634
708
717
791
643
626
654
879
715
784
649
614
897
597
735
729
704
874
844
791
733
926
853
883
763
847
896
767
671
740
647
716
695
704
734
721
904
811
697
719
712
693
710
726
712
865
792
679
763
631
658
787
654
794
868
917
692
678
605
595
738
616
26683
665
646
629
694
50
39
41
40
37
37
34
662
38
645
740
665
635
732
661
36
640
38
34
864
634
630
711
34
848
712
35
39
726
622
38
745
660
33
637
37
805
34
632
36
36
33
34
34
655
641
632
36
680
685
625
35
34
38
37
35
37
734
660
36
34
35
627
43
723
628
39
38
619
696
37
654
35
35
631
689
34
34
36
643
35
39
656
706
37
36
624
651
733
37
630
36
648
702
36
26535
645
668
619
711
733
618
611
721
618
637
639
640
619
725
625
616
681
632
618
666
633
623
651
884
608
678
731
693
627
624
661
686
724
612
635
626
616
645
630
700
639
636
614
628
638
619
613
651
725
656
692
622
613
657
637
612
690
637
618
649
627
618
704
950
934
803
675
626
637
614
784
683
943
857
873
721
786
831
801
924
860
929
796
797
783
748
735
866
943
800
902
930
759
806
647
660
639
698
689
26069
638
675
628
665
728
697
640
683
621
627
636
629
618
634
737
814
639
775
620
639
624
614
619
643
671
636
673
616
643
659
629
624
656
623
636
680
655
632
661
735
623
660
647
649
658
675
640
673
626
626
622
650
614
621
652
658
616
722
621
616
715
644
669
700
618
634
787
624
609
651
629
645
635
626
612
644
623
614
626
751
783
668
619
612
626
698
612
659
782
846
655
639
792
790
660
620
701
894
805
26809
698
650
624
743
749
617
643
637
697
670
654
714
646
677
614
647
658
651
674
645
617
684
623
616
708
648
618
715
939
754
688
631
770
696
615
622
666
643
612
697
670
662
714
619
644
627
635
626
668
665
612
680
674
616
817
623
619
802
625
625
655
636
623
660
630
626
624
635
623
616
642
638
620
662
720
651
769
712
617
643
635
619
681
622
643
633
643
642
680
630
643
695
626
628
649
616
619
694
641
27148
659
627
641
705
617
626
614
657
619
618
663
631
618
664
627
613
711
636
627
646
650
622
708
622
651
651
706
611
660
652
614
626
696
636
620
633
612
629
662
665
634
777
737
730
669
625
617
674
639
618
649
763
632
709
712
614
692
620
629
905
631
620
674
624
623
707
645
630
675
630
694
726
617
612
668
624
623
691
657
616
652
620
622
671
673
615
633
620
663
613
709
614
618
728
628
628
672
615
619
26095
731
616
654
735
613
625
640
634
618
704
686
630
649
674
662
679
707
655
775
611
629
700
673
697
714
691
632
665
620
658
710
709
719
727
611
619
652
652
717
658
743
627
719
620
606
645
637
738
667
735
618
679
624
616
632
681
604
623
678
631
620
660
612
613
630
620
642
643
628
628
651
621
664
626
623
624
618
694
618
609
648
627
623
697
621
628
660
618
617
618
650
644
625
630
615
619
671
610
610
26162
653
604
597
609
724
589
598
653
639
638
626
608
605
638
609
689
678
784
597
632
634
604
645
633
607
732
681
677
693
606
701
672
639
628
652
638
595
601
670
645
600
657
682
644
632
615
625
628
651
620
634
597
598
609
645
598
596
646
600
603
648
593
598
625
629
603
598
642
611
601
632
616
601
641
613
597
595
641
601
606
645
608
595
619
651
602
629
607
602
599
623
610
598
701
603
614
631
605
596
26611
703
628
621
812
627
612
642
609
610
699
639
618
678
630
613
664
621
622
667
617
662
795
698
622
684
634
696
761
618
653
653
703
618
704
635
617
628
622
610
704
693
622
633
614
690
613
638
612
614
648
630
610
713
624
720
637
643
743
634
632
610
708
620
619
640
624
635
685
610
632
679
831
850
747
683
701
636
703
622
614
635
633
620
649
639
618
645
616
621
612
683
612
648
689
769
621
648
660
608
26669
645
615
649
667
619
685
626
726
672
632
616
622
713
670
610
697
611
619
697
626
670
643
621
619
659
626
633
754
639
616
668
637
613
695
630
646
681
643
639
733
657
621
654
622
635
670
637
695
659
628
615
633
644
693
680
697
626
616
684
617
621
708
692
630
671
620
624
640
621
658
645
617
667
687
680
685
713
687
627
672
619
727
636
627
707
726
685
733
681
623
731
683
735
685
636
616
619
687
648
26199
634
668
623
606
631
612
607
610
676
603
632
663
597
615
671
635
610
673
654
604
763
632
611
673
607
608
701
679
608
622
629
638
612
654
607
607
651
701
601
657
608
628
796
719
778
675
612
609
709
624
610
644
615
635
704
805
628
608
668
902
650
618
604
635
642
832
653
619
608
643
618
618
609
620
605
618
625
756
607
674
632
607
761
614
608
645
613
613
658
621
658
639
638
619
652
690
913
685
707
26577
708
775
803
708
722
786
863
662
723
733
674
784
683
767
680
772
772
689
700
773
696
694
708
762
706
672
673
663
755
670
728
717
702
696
707
670
717
699
733
661
716
838
672
676
660
688
693
660
747
680
652
695
715
738
678
812
656
835
687
820
716
690
688
710
735
709
720
672
753
718
646
779
652
729
772
644
718
679
650
705
730
744
779
654
692
725
691
681
822
700
718
734
825
899
694
660
798
661
797
25708
689
671
630
682
694
650
689
708
726
778
642
643
803
645
702
792
643
707
699
657
701
755
684
888
679
883
668
673
808
740
744
785
670
634
683
700
663
924
691
673
657
688
651
746
637
636
702
677
661
720
634
674
727
641
655
719
630
642
695
726
684
716
633
646
720
734
727
657
636
713
677
684
711
794
655
762
704
682
710
697
932
899
750
746
658
692
740
636
627
711
728
632
778
845
671
720
703
707
695
26508
658
668
681
768
713
682
639
697
640
26010
707
781
728
669
749
670
667
813
837
740
701
644
756
660
633
699
716
734
690
664
637
696
688
686
699
686
650
680
684
670
821
652
645
763
629
690
666
877
895
677
679
662
711
685
760
637
671
685
703
687
698
665
758
669
692
737
690
792
664
701
682
702
774
650
720
679
663
733
677
637
738
684
653
672
673
665
713
655
679
728
689
650
771
822
724
793
674
693
682
25757
679
771
766
646
688
653
763
717
655
753
753
626
696
653
605
605
766
627
635
703
660
616
738
672
