Execution time (ms)23795
660
613
639
601
609
620
686
583
589
678
687
556
667
688
634
636
605
597
633
569
559
678
678
591
601
604
610
649
605
610
567
609
619
556
556
640
609
599
631
556
579
623
613
639
567
709
566
631
707
636
550
606
572
616
633
584
596
577
628
581
619
695
570
627
701
655
689
699
588
575
634
650
589
550
602
594
547
635
587
616
598
614
558
632
628
614
569
601
606
612
608
633
558
603
720
678
585
625
608
24447
632
623
641
586
711
615
612
642
606
610
662
592
586
601
613
589
606
712
627
593
662
657
596
646
600
628
583
657
600
579
620
627
598
673
620
591
649
580
562
602
674
679
667
686
619
576
766
713
679
670
627
586
663
595
594
657
642
660
644
653
607
628
691
592
617
606
586
644
695
640
900
659
711
614
631
595
586
652
628
576
650
617
590
621
625
599
613
623
581
567
615
638
653
642
591
605
818
656
572
23648
652
664
638
664
639
631
594
621
638
586
629
703
627
622
626
616
659
701
766
700
726
601
623
788
616
617
613
677
660
588
655
650
716
763
722
697
658
611
705
658
594
625
617
652
586
652
612
581
626
651
598
580
662
644
602
660
641
621
671
622
598
666
620
607
649
680
655
736
820
728
643
756
732
623
643
604
604
690
659
648
715
666
704
769
631
722
622
636
605
649
698
573
596
640
621
595
698
601
602
23657
654
671
662
578
633
615
635
626
618
583
647
682
627
583
644
585
596
627
646
591
640
653
609
624
631
587
604
652
601
607
687
599
595
687
647
582
661
615
603
690
701
652
637
709
657
606
665
622
671
23253
616
643
637
680
697
612
664
589
653
635
633
645
594
638
681
686
799
719
688
596
586
682
646
654
645
675
626
675
611
612
665
667
607
665
612
579
610
691
623
604
681
611
597
664
603
680
709
683
622
23377
659
594
675
597
582
696
625
648
678
632
634
652
597
596
591
680
667
744
717
632
621
691
615
584
582
636
564
554
632
592
576
675
565
588
587
626
602
616
658
602
609
616
592
604
630
589
594
582
653
584
599
672
595
623
624
624
565
574
656
571
577
647
708
598
623
604
661
660
670
606
568
681
569
578
639
590
620
629
591
583
662
676
629
642
699
658
651
719
592
615
653
615
555
612
593
570
592
613
631
22784
628
608
644
656
656
616
604
599
609
596
676
590
620
643
590
582
641
624
577
631
629
579
586
629
656
599
641
676
650
620
620
602
618
634
600
604
578
620
577
614
643
584
639
616
603
606
594
575
603
696
697
593
656
570
582
663
623
578
625
627
628
612
703
760
629
731
677
648
702
730
646
652
651
583
624
583
608
620
706
619
569
627
593
590
644
614
633
618
579
612
621
706
598
585
627
621
570
631
586
656
625
759
702
602
618
618
604
646
612
601
638
607
647
670
634
642
608
646
635
610
637
596
617
631
610
594
636
606
782
679
642
599
622
672
637
640
670
610
614
665
635
745
643
640
640
718
636
663
619
616
688
637
643
630
642
619
648
648
637
629
593
636
732
622
642
597
598
652
630
695
619
639
655
758
651
652
744
716
677
703
601
662
714
673
626
649
600
648
700
782
634
690
666
632
611
650
806
760
642
23170
577
677
691
571
645
620
617
576
647
570
593
675
700
614
671
651
806
628
651
565
598
788
680
592
628
580
567
660
607
588
686
634
595
563
626
619
572
630
552
569
598
626
575
595
711
577
628
648
597
587
655
609
615
628
710
629
617
687
595
611
681
699
586
647
611
583
671
634
666
770
646
588
619
605
579
596
623
673
647
621
709
621
648
623
584
603
593
631
579
716
591
586
669
717
607
688
610
600
629
23171
616
653
604
593
662
613
616
603
620
615
614
703
668
601
646
588
601
641
719
620
724
615
624
643
591
662
620
637
607
605
722
693
641
697
601
617
688
666
615
656
681
599
639
610
718
776
698
624
598
695
622
597
693
605
577
655
597
624
665
632
596
655
630
625
633
700
650
589
695
622
611
692
677
723
657
604
625
625
654
624
638
640
616
605
639
619
709
665
600
599
651
607
636
683
661
605
633
608
631
24226
782
918
1000
673
754
687
652
680
669
613
678
711
730
629
621
607
676
652
654
650
641
661
711
684
787
771
747
631
685
614
636
639
723
674
665
637
581
595
723
596
607
636
606
670
650
650
724
649
623
602
639
638
613
664
676
691
646
662
645
586
633
667
654
705
633
646
831
678
583
648
607
651
668
630
604
626
710
664
592
710
639
610
640
629
675
620
634
661
747
714
704
660
669
612
590
680
614
626
675
23128
731
753
609
587
643
593
605
670
604
644
690
611
612
702
601
598
587
669
592
614
647
695
611
676
678
638
688
605
615
675
624
618
633
607
661
610
672
612
598
691
616
598
692
601
596
614
612
603
631
607
633
674
661
654
619
677
595
623
642
668
668
725
696
710
732
636
576
679
663
642
641
601
592
613
712
624
651
815
726
743
661
626
601
663
589
632
683
596
610
653
651
634
695
607
611
636
647
648
650
23485
693
652
611
608
715
616
682
673
591
653
714
612
664
738
611
624
675
623
624
677
624
631
647
654
627
650
611
613
611
648
652
582
696
582
580
670
600
620
735
695
722
699
640
635
682
646
627
684
588
628
752
633
650
683
627
618
636
674
617
712
677
599
625
645
595
615
672
596
629
647
621
589
634
623
612
645
630
590
620
709
636
780
733
653
605
678
662
582
676
609
651
674
665
637
685
606
610
665
635
22921
703
638
813
719
708
602
651
658
644
602
676
598
608
644
602
632
743
741
736
605
655
579
633
630
617
627
629
595
630
619
654
606
599
706
625
602
627
579
584
652
602
589
606
619
609
576
621
647
587
616
638
594
626
616
735
712
691
581
600
634
573
597
772
814
603
647
616
607
699
663
583
613
635
597
614
651
620
593
656
698
627
616
577
624
580
624
631
600
625
629
602
750
678
651
627
603
644
606
623
22896
640
639
637
611
623
666
563
624
587
587
640
626
614
553
629
584
561
632
628
625
666
584
590
694
793
673
631
623
606
588
606
622
623
632
583
614
594
606
666
634
613
612
595
600
622
570
636
587
600
623
641
617
613
617
581
594
724
616
601
608
598
571
613
665
590
557
651
605
592
638
636
620
739
637
610
615
668
617
582
638
622
569
644
612
637
607
593
622
609
640
607
600
710
749
684
683
662
617
662
23307
641
705
633
608
648
633
618
657
611
610
729
680
577
569
692
594
600
640
599
646
677
622
593
653
593
592
647
720
768
768
756
663
601
609
687
629
636
650
599
615
656
609
610
649
607
592
588
666
591
618
665
623
578
680
630
588
640
650
615
678
635
579
589
638
624
585
675
580
591
739
647
643
710
656
659
695
605
647
665
593
590
598
788
785
633
708
637
626
657
662
677
652
649
733
679
596
648
643
624
22761
675
613
470
437
475
688
684
754
519
54
612
513
512
478
394
465
34
658
33
551
500
675
565
724
438
681
502
701
30
541
421
437
493
34
455
823
656
32
686
454
33
440
455
517
470
31
420
604
477
449
483
635
519
655
477
431
493
460
444
467
428
665
425
796
550
635
56
541
527
552
483
462
462
598
640
659
29
482
489
620
29
458
718
451
686
692
430
415
459
794
800
482
404
690
464
473
671
684
684
23677
589
633
664
660
622
640
600
629
666
732
607
591
685
641
609
726
635
598
611
604
596
655
624
650
606
655
583
614
658
576
598
651
660
621
677
654
633
635
642
605
631
646
627
630
694
575
631
681
621
628
663
620
598
637
586
610
619
650
593
617
664
615
603
653
581
586
613
616
616
618
661
622
579
630
634
895
670
610
612
671
604
625
672
590
774
762
615
582
635
609
613
619
727
684
578
626
598
618
621
24511
614
596
701
631
648
659
625
646
668
676
646
701
594
609
635
655
614
654
598
609
637
700
786
1012
711
636
647
647
746
23129
684
644
667
634
624
606
632
623
636
629
618
638
694
597
674
639
630
610
599
647
583
613
692
594
600
660
684
597
719
694
642
649
635
623
604
640
592
629
656
651
618
623
607
597
658
608
615
570
651
630
668
639
638
621
680
657
680
775
678
674
705
613
660
658
681
654
634
637
598
23891
596
680
597
598
616
718
702
615
612
650
715
647
576
605
658
591
633
615
604
601
635
628
577
674
736
694
653
571
616
675
725
720
574
695
568
577
631
603
655
670
617
608
680
600
586
633
597
617
592
744
611
616
644
594
613
634
662
603
621
630
587
620
683
648
716
697
630
640
664
632
617
711
749
575
661
655
649
728
604
598
650
623
610
572
701
726
784
721
601
708
597
622
658
635
755
634
594
609
637
23421
690
656
616
664
635
640
641
644
631
628
674
634
611
651
607
628
681
661
612
671
630
620
674
686
661
745
663
714
674
643
606
714
662
637
675
632
644
750
655
645
670
673
628
729
622
704
694
620
640
739
700
634
699
652
689
688
626
650
697
634
657
664
627
620
676
642
604
713
623
610
615
718
605
622
667
619
657
667
613
622
650
618
677
669
649
597
705
594
641
654
613
641
666
649
599
618
645
588
651
22685
666
646
743
638
608
655
649
621
626
649
626
657
642
638
694
704
616
631
621
597
570
680
563
583
644
593
603
604
593
594
603
668
608
613
614
624
583
625
653
585
610
618
708
625
593
663
648
625
601
626
616
699
648
602
587
615
656
610
625
704
622
560
564
646
652
610
641
596
580
669
619
582
645
590
601
590
632
630
600
628
592
581
617
609
567
583
657
605
595
625
596
611
634
642
575
656
645
599
607
23179
611
676
578
611
578
638
602
590
621
592
632
583
576
574
575
616
573
565
670
603
583
590
580
583
580
610
570
607
599
579
550
604
645
574
591
614
620
555
629
613
616
628
635
637
629
639
607
571
639
579
569
625
570
577
590
634
594
639
595
617
576
595
576
544
574
620
587
577
632
593
563
566
599
620
557
625
572
576
593
606
595
591
616
598
570
616
597
558
576
646
617
590
577
578
587
601
581
578
564
23329
22494
636
582
590
555
617
551
565
627
581
552
551
633
556
599
548
582
573
554
587
589
558
575
588
548
609
577
565
558
606
653
559
577
614
683
701
746
613
581
656
578
548
573
559
545
768
570
606
569
614
611
587
594
578
569
570
637
541
581
630
567
584
634
603
609
574
620
551
628
651
564
553
581
548
573
572
570
543
543
551
579
554
556
622
576
575
551
658
560
548
614
574
578
572
556
540
617
620
549
23147
657
632
605
614
616
611
637
597
577
615
655
633
608
603
596
567
652
587
560
645
576
593
653
606
561
597
635
589
547
671
574
588
554
607
641
610
615
579
597
607
614
586
570
608
581
575
627
589
587
608
598
585
609
637
600
588
595
564
609
648
578
584
567
661
588
581
642
574
612
640
607
576
590
636
595
584
633
630
626
636
638
629
645
605
628
600
586
608
603
646
589
611
641
642
613
635
606
584
615
23150
594
612
586
600
619
648
591
595
616
604
573
623
607
563
621
632
604
588
648
582
604
647
580
620
610
611
613
604
606
588
588
580
589
593
595
593
572
574
652
585
594
587
614
566
587
570
557
536
586
592
598
609
584
579
601
608
574
596
612
575
575
619
650
577
556
609
574
574
616
594
615
612
576
563
576
675
602
586
589
586
553
606
623
565
581
574
674
640
597
591
577
591
610
582
600
607
618
568
579
23062
621
623
605
569
585
559
558
584
608
592
575
674
569
565
582
576
538
577
589
605
611
595
598
603
571
582
616
549
607
629
575
583
603
574
574
601
568
551
599
638
617
562
628
629
583
626
579
553
562
606
556
611
635
611
558
599
598
555
537
601
579
551
589
597
548
586
599
576
556
586
577
557
566
592
564
562
588
575
557
564
592
576
594
645
569
573
563
584
569
557
605
579
549
581
607
608
564
619
554
23394
667
645
723
658
698
670
666
671
672
688
585
628
658
642
634
610
586
572
642
645
697
689
614
593
583
643
558
601
608
591
595
600
623
584
576
597
624
626
614
701
656
597
681
588
637
564
586
613
638
580
578
643
625
611
629
656
648
632
613
615
593
609
571
570
627
627
609
626
592
575
575
587
597
624
663
608
596
629
596
571
657
607
602
583
617
611
605
624
604
582
616
600
597
575
612
623
605
599
603
22066
630
645
616
622
639
618
592
596
605
593
601
618
622
559
551
679
616
562
613
604
571
613
589
632
602
585
650
637
627
584
605
649
654
603
682
604
583
645
663
580
581
605
592
625
607
641
587
662
606
622
635
601
592
594
628
643
607
652
582
589
610
616
615
638
577
571
594
620
595
592
656
572
596
606
636
624
643
682
610
628
664
628
608
637
618
578
646
641
586
608
623
647
583
662
608
602
674
790
776
23095
634
590
648
663
627
597
620
580
607
620
586
565
626
557
583
592
635
558
565
595
573
583
617
597
606
549
633
587
628
608
614
613
603
624
571
554
594
595
575
663
590
627
582
596
566
576
608
591
546
615
545
581
600
636
628
596
631
590
572
635
558
581
568
654
623
568
654
596
569
635
577
566
573
621
633
595
600
545
585
586
610
547
567
598
574
565
638
654
550
562
608
556
576
587
559
568
572
588
552
23355
605
664
625
628
615
610
605
600
606
623
632
576
675
611
609
630
606
643
651
579
591
603
668
610
571
638
599
563
602
587
652
613
578
609
586
612
584
577
659
592
632
622
604
601
621
659
586
600
604
584
611
626
605
593
583
649
622
599
624
582
576
619
587
592
566
610
601
586
618
596
608
645
593
591
571
653
597
595
618
607
592
662
606
601
598
596
570
610
615
605
568
630
654
620
624
667
592
645
605
23132
22578
570
584
555
617
613
540
584
553
577
584
570
594
554
580
562
574
587
569
637
572
577
533
525
630
613
551
559
598
615
565
565
545
634
570
609
566
546
591
642
636
581
579
602
552
626
553
557
598
583
542
580
578
598
575
567
551
553
573
594
607
592
554
577
576
603
609
589
536
608
646
575
541
558
569
550
562
570
576
623
546
536
579
626
569
554
537
586
572
601
589
595
591
583
567
614
592
570
637
23248
602
659
627
628
605
600
633
617
566
613
593
601
657
649
599
623
663
626
587
629
584
589
617
600
657
622
641
647
612
600
612
584
670
581
594
667
628
581
658
585
618
629
586
589
597
628
592
665
616
588
581
644
583
594
589
589
567
580
616
606
582
640
564
598
576
606
582
609
605
568
605
622
596
594
601
602
619
601
638
583
587
648
623
583
571
602
575
600
647
615
562
636
588
643
614
593
597
569
609
24245
614
654
655
593
620
592
583
589
579
579
592
570
620
601
575
617
633
558
589
603
596
655
612
589
555
621
661
580
549
613
580
583
623
565
595
581
590
611
602
610
622
572
601
587
566
565
616
611
610
664
643
572
618
574
641
590
572
572
586
612
610
622
591
604
591
605
594
606
592
594
563
578
637
629
590
577
585
582
570
601
593
550
609
571
565
597
655
622
598
602
611
609
929
604
589
619
639
568
649
22834
609
588
627
618
629
640
642
587
657
583
593
644
609
658
647
683
680
661
665
662
677
692
649
750
725
682
758
656
673
744
642
584
635
661
643
638
599
598
590
698
642
658
660
622
638
638
648
597
643
646
632
631
594
606
591
651
606
619
606
605
603
651
613
620
653
668
644
644
611
628
612
653
581
638
647
596
593
650
607
619
609
607
587
613
657
605
641
647
630
596
677
594
631
652
589
591
609
639
610
23489
623
615
680
622
592
612
602
604
687
608
576
585
612
589
564
610
597
553
622
573
623
586
625
598
600
622
583
579
619
580
579
566
619
604
644
623
573
566
593
601
557
556
596
583
598
611
565
574
603
627
582
570
606
589
588
629
618
580
583
623
579
580
614
576
575
625
572
594
601
640
651
550
595
593
563
654
579
557
602
611
631
611
614
583
582
574
613
575
564
599
603
635
647
599
569
603
625
576
560
23708
645
634
605
602
621
598
584
629
602
603
587
586
577
591
617
650
610
606
617
600
606
630
570
604
628
595
615
613
612
589
653
596
579
624
588
649
657
643
645
606
653
577
612
661
590
611
600
631
583
601
632
610
606
586
594
580
577
573
643
622
603
620
632
617
625
583
609
607
590
618
606
590
578
607
623
577
659
583
578
599
598
571
576
599
588
594
636
584
601
580
626
569
564
602
639
622
625
645
576
23688
594
605
619
637
640
580
649
585
649
614
601
649
605
575
587
620
588
572
595
604
644
597
597
602
626
576
573
589
598
596
577
629
615
625
661
594
640
611
585
610
594
664
579
591
620
610
643
649
617
601
638
593
589
572
623
602
603
586
584
574
616
648
598
595
635
597
613
623
634
23293
666
596
607
633
602
602
681
612
593
608
597
568
635
586
589
611
626
626
580
666
643
597
634
599
576
636
602
576
573
23048
664
691
618
627
655
601
585
590
627
594
620
678
650
601
672
606
636
608
645
599
649
633
634
639
667
615
637
697
590
623
626
595
601
620
644
634
632
616
594
609
610
590
594
613
585
586
669
678
598
620
586
595
658
622
586
580
620
620
628
627
631
589
607
592
610
641
622
596
583
639
641
588
670
606
589
630
606
597
650
652
619
616
672
593
587
630
609
609
602
591
567
585
639
631
595
704
602
592
630
23388
604
658
610
584
630
609
577
575
636
612
575
658
605
563
610
594
653
642
603
598
591
650
564
583
652
583
567
616
656
596
616
680
612
566
642
611
608
684
675
597
643
614
589
574
607
574
576
631
576
579
662
622
608
613
583
647
603
634
571
571
640
574
634
637
584
593
617
669
624
566
641
676
546
617
647
603
612
606
647
643
613
581
585
682
595
605
638
600
595
628
619
578
618
635
570
582
647
604
574
23556
627
667
607
608
644
612
600
580
622
655
629
659
640
599
659
592
586
636
619
591
596
623
610
605
651
587
579
656
606
573
611
673
590
604
692
622
575
653
588
598
659
601
562
630
652
604
603
636
593
572
654
595
601
652
616
598
608
671
597
580
642
622
594
637
604
647
662
577
580
604
663
577
595
645
668
598
636
608
581
632
573
604
587
620
581
614
614
613
628
695
595
605
630
585
567
596
698
626
650
23862
606
612
636
583
676
617
632
712
606
599
619
672
636
589
642
583
621
635
597
607
624
620
601
605
652
591
575
639
591
637
647
599
613
635
588
622
581
606
643
606
649
629
613
639
594
597
618
659
577
621
653
578
595
643
646
615
659
592
612
668
642
605
624
635
593
610
615
598
639
615
587
573
626
635
670
946
635
611
653
583
634
623
603
621
596
622
583
655
627
597
585
648
661
636
633
603
637
625
629
22705
612
23457
628
611
577
595
619
634
593
596
625
593
590
629
611
571
625
571
554
599
584
583
642
609
590
593
635
602
619
609
595
583
608
634
572
619
605
635
587
621
597
609
608
638
629
611
634
598
611
667
602
586
635
603
592
572
645
640
590
647
631
603
619
588
587
595
581
573
610
592
576
599
628
587
572
584
671
577
632
592
595
601
607
603
587
578
628
607
578
624
583
564
641
607
596
584
621
570
589
23911
651
602
603
604
601
603
585
634
628
580
622
601
578
572
577
611
600
636
575
577
576
565
589
554
589
563
588
595
613
566
568
615
633
583
585
585
585
605
553
578
602
620
585
585
623
573
571
603
564
596
597
615
620
630
625
565
627
599
614
635
584
610
593
634
598
595
602
620
605
588
559
609
576
560
644
590
624
624
586
569
561
614
625
551
600
570
572
585
618
586
567
574
568
553
644
583
600
556
596
23070
654
617
627
620
615
613
586
637
590
576
681
697
705
807
616
600
607
581
590
616
631
588
702
664
610
563
612
603
579
598
629
574
606
679
629
582
602
602
615
650
583
559
603
642
611
620
642
616
592
611
591
574
592
637
596
603
628
650
574
628
618
598
625
583
579
567
658
580
598
646
621
597
616
580
614
584
630
627
588
615
604
567
599
584
615
583
598
602
565
624
592
630
633
613
613
620
642
607
646
23211
612
635
611
586
565
623
605
585
613
606
600
599
604
584
604
661
566
571
673
599
600
618
628
609
604
611
609
618
650
606
577
643
598
596
648
601
621
665
633
594
666
577
597
592
634
625
606
640
611
623
654
602
606
654
606
580
569
616
594
571
607
594
614
615
604
603
618
614
618
22509
666
599
604
597
636
574
578
649
564
609
621
648
577
639
651
636
574
627
600
592
613
600
591
596
624
617
599
659
609
22536
654
655
619
658
573
594
635
617
620
582
592
592
587
630
587
603
599
595
603
575
667
642
604
606
606
568
597
583
562
577
634
621
590
608
556
585
602
595
600
585
614
606
568
621
639
611
608
626
576
603
605
565
584
670
597
579
633
606
573
621
631
595
563
631
571
579
591
619
620
596
587
585
581
614
564
556
596
639
574
566
615
642
592
591
580
565
560
618
581
582
631
653
610
655
568
626
602
624
564
559
999
620
596
586
593
573
589
649
545
588
557
572
564
590
635
543
575
588
613
589
619
585
625
629
578
564
612
547
548
590
571
580
565
598
606
593
552
613
608
575
578
572
555
604
578
588
594
587
589
632
577
568
644
557
643
581
605
622
583
567
582
592
560
563
606
567
582
560
616
557
568
606
610
577
590
574
605
571
599
568
582
641
572
567
593
581
567
603
592
592
548
610
583
582
563
617
559
575
604
23430
711
805
752
732
626
734
672
670
678
664
642
677
629
592
703
594
603
658
657
674
636
635
647
680
620
611
657
606
640
611
666
670
603
674
647
616
635
605
613
631
597
626
642
648
611
609
597
613
606
641
591
617
624
587
579
659
604
628
654
608
572
577
646
615
606
669
622
592
603
683
610
607
602
618
591
645
632
615
681
656
595
636
599
598
648
613
636
581
623
637
623
666
615
598
620
697
654
647
669
24059
625
688
629
599
616
627
601
608
681
601
827
757
761
780
717
654
623
636
605
663
637
631
668
598
666
651
634
600
614
605
601
596
632
625
636
652
620
595
654
586
623
625
625
628
583
668
602
624
670
620
582
615
604
615
635
617
589
629
689
578
600
632
631
636
700
989
616
598
693
634
602
673
629
618
651
670
645
670
678
654
736
622
601
651
631
656
653
621
600
633
685
661
619
690
618
626
662
592
583
23377
620
626
614
617
591
668
591
641
627
585
633
637
597
600
631
637
580
603
641
578
611
630
615
598
594
619
609
615
623
594
594
634
613
605
594
602
580
589
616
593
672
619
615
619
625
597
611
640
590
627
607
622
611
586
653
638
640
663
662
674
678
610
649
668
615
600
584
644
665
628
716
633
592
652
581
624
648
585
609
635
602
619
631
687
624
608
638
630
616
618
591
588
630
657
646
690
598
625
601
23605
676
613
624
594
641
604
608
633
615
673
647
670
588
649
619
615
648
656
595
651
661
602
598
720
639
615
631
625
632
686
618
643
664
653
698
632
589
648
650
606
589
630
666
601
665
684
671
603
669
605
597
651
594
657
608
594
633
686
612
597
649
650
602
590
659
633
624
658
590
630
670
652
610
622
654
617
631
607
602
624
872
619
646
599
614
578
656
598
622
641
603
623
648
637
708
636
631
613
638
23389
664
617
590
659
657
641
651
670
600
606
675
609
593
620
641
614
644
592
636
589
631
627
622
595
605
610
660
614
637
635
616
621
601
615
607
591
663
631
637
638
620
622
612
648
597
624
604
602
600
585
607
569
632
593
595
630
598
623
626
639
624
586
593
602
620
602
636
578
640
627
595
622
746
627
601
647
601
621
622
676
570
604
619
602
606
697
614
604
608
663
634
617
630
615
608
581
589
634
613
23235
661
675
616
634
627
621
622
647
608
642
668
602
646
645
598
633
641
635
612
623
623
601
592
667
617
631
666
612
598
661
650
639
632
629
631
655
610
620
635
633
609
614
649
589
609
659
629
642
603
623
616
629
589
620
614
620
614
655
655
643
629
656
664
642
629
624
638
667
633
604
635
608
619
627
611
632
608
665
596
617
687
689
653
683
647
669
644
637
636
630
636
617
657
605
672
690
684
612
653
23554
673
583
604
604
654
580
591
602
584
599
600
567
603
640
615
609
613
620
585
574
649
594
611
585
619
619
624
659
584
570
615
627
628
610
595
623
583
624
564
596
659
586
595
596
633
647
558
609
641
584
594
604
609
634
582
568
585
621
669
651
666
646
636
634
588
617
632
576
575
609
609
627
640
668
608
580
622
612
571
625
638
562
587
620
628
593
730
621
599
640
593
593
617
643
569
602
674
612
615
23774
591
609
624
601
595
652
618
606
634
595
627
616
584
636
635
673
588
645
614
589
586
629
603
646
666
639
623
680
587
584
582
635
587
604
607
647
607
675
639
737
669
620
610
658
633
660
619
659
629
614
669
656
612
662
642
675
657
670
579
671
606
588
656
651
625
600
652
631
642
642
589
597
622
646
627
670
629
623
653
624
585
593
644
581
627
683
618
629
690
639
619
663
603
585
608
661
612
610
652
23370
677
631
635
700
611
623
659
604
625
706
612
647
703
722
654
756
634
621
688
624
636
646
629
591
652
671
614
614
719
624
596
645
615
626
647
677
636
657
688
662
683
636
643
641
619
616
711
636
651
700
664
572
668
632
660
645
650
622
656
659
629
660
648
648
623
639
645
657
978
659
657
626
621
639
668
637
642
693
590
611
643
618
633
679
627
636
643
624
641
637
600
643
660
649
623
673
616
612
594
23462
609
659
650
611
603
637
671
665
630
580
620
612
623
633
651
606
589
655
573
594
660
616
618
632
603
615
690
623
576
600
654
670
585
631
608
618
626
597
570
626
637
586
594
611
629
574
678
609
579
638
567
611
636
618
618
630
673
641
647
619
645
603
604
614
600
615
622
624
610
639
626
627
602
598
588
627
589
605
662
616
654
631
594
612
584
630
600
622
619
620
630
630
600
633
632
631
576
602
604
23132
656
579
586
591
599
634
665
621
597
576
608
610
590
587
608
574
595
614
616
573
626
639
587
591
601
607
569
649
592
614
630
585
593
610
615
652
589
608
582
657
591
574
558
634
592
608
629
588
604
629
676
572
589
575
600
582
616
631
587
620
590
617
600
572
584
619
600
580
578
560
649
595
595
570
598
617
588
630
647
575
595
639
669
674
633
668
760
622
613
646
629
645
616
652
620
597
609
587
634
23626
643
637
634
602
617
640
600
671
645
619
617
647
626
607
705
602
617
677
607
610
632
647
616
624
614
619
619
613
611
638
646
622
632
673
627
578
623
610
661
656
615
610
614
612
663
606
649
608
716
624
590
652
643
591
629
619
586
617
645
652
674
645
680
661
618
661
655
614
638
634
610
643
628
601
638
610
649
680
649
596
628
686
614
623
670
648
649
636
634
599
672
606
843
623
656
604
622
607
620
24031
655
649
673
763
842
716
615
626
665
630
624
677
583
604
711
634
616
668
600
641
673
634
603
658
659
640
664
594
622
653
632
671
683
653
606
613
668
614
586
626
659
583
704
650
576
672
624
585
633
640
613
600
648
636
649
626
612
583
648
642
588
652
638
652
671
676
607
658
630
623
587
640
639
584
650
647
636
691
616
614
663
606
669
654
586
616
665
604
635
612
661
600
605
687
624
638
661
942
606
23137
566
664
601
628
609
619
602
572
656
581
567
634
580
594
592
591
585
655
662
617
595
653
599
581
658
617
590
657
613
616
642
651
675
618
646
645
620
666
583
572
674
610
597
650
614
598
611
630
586
606
647
592
571
654
632
595
639
612
565
555
698
585
600
624
591
569
647
603
560
580
640
587
588
658
588
609
664
632
581
627
602
604
584
640
592
571
665
571
556
627
616
579
616
638
578
572
627
592
609
24226
685
597
638
602
633
590
638
624
616
650
649
644
615
686
623
584
661
622
612
617
623
628
596
656
610
589
629
611
638
618
614
631
601
659
615
620
604
592
578
632
606
570
685
607
628
628
626
616
609
638
583
593
646
647
631
628
620
653
595
608
578
598
638
596
641
634
613
591
638
643
575
628
615
618
596
613
609
620
669
612
635
579
669
606
654
575
693
601
609
608
597
621
596
628
641
607
710
688
633
23230
650
596
604
621
584
637
633
597
597
652
580
614
603
617
599
602
634
623
632
677
601
581
627
611
610
612
625
605
601
654
605
586
610
684
571
649
601
614
609
663
613
656
609
654
640
610
585
607
619
612
627
578
609
575
581
615
624
578
641
603
628
604
678
593
595
660
611
628
623
604
595
629
684
639
669
712
617
627
689
602
636
666
605
583
628
628
637
738
635
585
671
665
583
592
648
581
600
603
694
28275
676
696
702
685
658
654
664
684
721
644
644
672
623
631
666
621
612
626
630
608
660
638
631
607
641
601
627
680
647
621
667
641
608
631
636
626
658
679
629
607
694
603
624
667
619
587
692
614
635
632
663
700
728
801
772
704
742
756
798
674
617
634
623
607
647
611
654
606
687
631
624
651
601
608
621
627
603
637
642
614
669
626
685
704
638
694
654
635
606
615
630
633
706
690
657
661
686
634
642
24406
712
769
601
623
594
673
640
685
593
585
637
646
640
684
760
591
647
590
579
639
578
633
595
653
601
604
626
598
625
670
610
581
636
620
588
614
619
605
563
638
579
570
621
574
603
578
663
591
575
648
603
618
620
590
598
582
620
571
596
656
596
595
631
588
608
583
599
564
571
660
680
575
663
635
604
610
576
707
613
618
632
594
625
584
596
635
571
634
580
577
604
601
657
621
595
649
577
644
703
23650
620
706
656
586
695
637
611
653
643
605
622
647
632
658
601
619
631
627
591
617
633
588
624
657
607
600
709
608
626
620
605
612
643
623
677
656
873
621
645
621
616
634
664
598
602
655
647
613
745
593
661
644
615
622
665
594
626
665
620
621
637
605
593
578
624
608
582
630
626
602
630
663
633
603
643
626
608
698
585
594
644
605
612
626
673
589
635
644
662
688
685
644
627
662
645
613
636
617
586
22953
606
607
606
570
583
616
555
570
560
636
561
559
616
558
562
547
599
588
575
593
544
572
590
585
635
549
616
588
607
563
572
607
551
604
576
571
582
540
565
577
618
569
580
592
558
561
591
584
587
608
584
590
562
558
617
538
534
582
577
634
549
590
584
556
638
578
590
565
640
592
586
656
638
611
641
574
628
601
615
568
587
628
576
584
651
547
569
588
683
570
576
581
591
568
568
584
576
549
928
22803
682
680
640
573
637
605
581
617
580
588
609
654
598
599
607
579
568
620
625
562
616
582
610
618
655
606
605
711
745
719
762
804
649
629
797
647
731
701
752
742
726
761
707
793
760
775
776
784
745
800
707
694
761
740
732
755
864
685
668
647
607
565
587
700
626
635
723
757
758
735
682
592
619
611
645
602
681
644
586
672
643
609
747
635
661
682
612
602
632
611
592
625
592
562
652
724
713
602
651
23185
572
635
614
598
647
597
606
594
622
602
564
611
619
590
575
611
567
575
616
613
594
615
598
563
567
624
606
573
601
579
551
598
621
623
573
638
621
573
680
625
573
590
573
581
600
695
698
615
676
633
616
674
611
594
616
637
602
577
634
548
643
677
603
637
619
625
596
618
657
567
588
668
634
614
617
620
632
636
603
575
668
563
568
596
625
594
597
654
632
562
676
609
568
603
594
575
586
620
638
571
670
592
654
656
662
590
619
641
594
627
637
624
562
597
612
581
630
590
567
633
643
602
618
667
586
555
630
594
579
629
651
631
629
693
570
572
652
601
593
640
615
606
629
659
613
570
645
572
600
655
580
638
613
636
555
618
670
593
625
662
922
664
667
610
650
729
628
645
660
633
642
638
604
600
657
564
602
610
590
604
686
649
609
607
652
618
634
646
603
617
626
628
661
651
666
610
643
586
643
23952
651
666
618
663
611
589
612
614
667
638
611
623
586
616
649
578
617
678
629
628
659
666
605
670
611
674
685
683
645
637
664
615
642
676
668
629
655
599
615
690
630
709
665
634
630
643
640
602
672
628
615
688
673
694
649
625
614
654
594
617
603
623
694
711
883
802
815
849
790
835
771
739
609
643
743
610
593
706
690
675
667
629
678
675
625
618
709
820
733
676
632
678
640
700
644
623
637
668
638
23737
660
673
639
640
648
600
678
628
623
649
634
610
626
626
624
640
688
594
631
642
599
620
633
632
590
624
581
639
664
636
589
625
632
592
639
590
643
594
661
642
641
735
622
639
605
614
603
626
593
598
638
618
660
699
605
596
626
650
663
603
668
593
594
675
652
647
655
609
605
631
619
576
599
696
595
590
634
643
611
640
580
634
618
617
623
649
599
588
621
677
610
626
634
587
603
660
624
580
623
23048
569
617
621
604
677
624
645
559
661
634
647
636
626
582
705
640
617
737
668
645
669
656
677
705
736
689
779
736
771
827
729
741
732
728
872
783
734
810
657
668
692
592
664
709
652
634
665
609
633
713
585
597
664
668
641
640
629
584
622
707
654
580
683
580
619
672
607
608
650
588
641
660
596
625
590
630
567
596
624
600
584
619
627
575
608
626
563
588
646
589
621
643
588
591
624
626
597
645
645
23262
655
608
605
659
599
574
696
613
739
818
624
618
606
637
567
573
712
685
661
766
774
699
809
829
771
729
681
633
627
669
608
588
680
660
673
782
757
758
767
782
719
719
816
681
605
692
622
715
665
624
610
634
668
650
735
673
679
694
622
621
580
703
594
577
665
604
586
668
646
592
665
632
591
639
599
606
607
667
649
601
635
585
577
648
601
586
617
599
601
606
652
602
589
672
617
575
625
594
604
22561
645
631
621
617
625
563
643
590
629
601
668
581
588
670
566
589
638
649
575
630
610
629
666
750
594
655
651
612
601
626
589
626
589
587
590
577
589
608
585
613
645
630
637
625
628
630
615
575
567
631
607
610
615
579
625
628
601
616
621
587
573
574
631
572
619
641
588
642
622
577
589
589
604
597
590
651
627
611
607
641
641
600
608
568
622
599
607
602
604
598
621
606
666
564
603
589
606
621
626
25888
826
823
708
644
720
642
641
722
657
637
658
632
637
732
649
625
670
622
596
655
585
631
654
689
629
722
654
593
644
673
617
590
650
604
591
657
622
624
633
634
630
663
621
601
653
670
687
629
696
597
674
767
814
704
678
639
679
808
639
680
735
714
638
713
615
647
670
677
676
699
652
660
771
659
652
673
655
637
697
727
607
674
602
605
635
615
588
615
689
706
649
623
629
643
701
700
654
806
704
23364
621
600
629
679
631
600
702
642
600
636
601
605
621
617
592
577
636
599
601
729
649
650
665
599
608
660
610
587
657
619
602
641
644
602
591
637
593
589
633
607
572
624
654
591
619
664
651
623
668
605
578
678
640
661
666
610
608
646
616
648
654
606
587
643
646
597
640
620
616
618
697
687
628
653
674
594
688
651
673
666
632
655
747
687
611
665
613
608
637
617
650
619
713
590
653
670
616
641
678
23374
701
577
596
635
584
652
630
600
590
581
646
594
608
634
640
619
639
601
583
615
582
583
573
617
616
605
646
628
598
622
605
604
594
643
577
624
618
591
608
729
834
612
649
784
776
848
716
742
753
703
651
691
720
651
704
680
573
653
660
610
651
627
640
624
684
672
606
648
698
724
685
655
825
726
685
661
638
645
644
604
685
738
684
621
677
635
607
660
638
709
621
695
658
778
815
730
830
773
664
25468
639
736
710
666
689
669
653
703
619
614
742
665
641
689
646
599
615
721
672
649
761
666
652
675
669
740
633
665
656
671
612
655
647
635
616
712
652
649
681
649
628
713
590
634
729
686
684
723
642
734
747
669
798
593
837
639
602
605
662
608
618
656
677
614
635
691
610
598
668
617
613
664
608
606
645
628
594
683
615
598
631
674
603
642
723
621
652
735
634
663
660
600
600
640
625
639
740
715
623
23848
617
708
592
603
738
643
596
687
618
23041
672
614
638
722
604
592
711
634
593
668
608
598
659
645
592
649
651
622
647
647
612
650
715
726
673
660
644
635
678
647
637
644
631
581
704
608
609
691
598
607
658
683
594
596
688
597
671
687
636
583
695
630
676
714
590
587
639
607
607
657
595
590
626
652
619
607
681
600
586
628
643
584
651
610
655
618
661
606
619
677
612
636
663
599
583
655
601
602
662
23154
613
675
634
605
681
579
612
638
628
614
703
610
621
632
619
657
677
628
595
607
672
604
625
770
724
590
668
676
633
676
621
593
688
613
671
627
597
598
669
640
615
642
679
612
591
652
579
581
641
620
593
687
628
638
657
608
604
600
662
599
618
661
602
646
676
610
603
679
607
642
652
636
573
647
617
656
668
623
610
616
686
609
602
613
634
627
680
625
623
658
606
612
617
618
649
623
678
591
626
23093
638
656
605
651
617
707
676
633
684
622
596
686
622
633
745
657
655
676
622
624
679
627
658
665
626
637
684
653
645
645
610
655
659
636
609
665
660
625
684
678
662
610
644
637
600
670
632
626
632
597
643
684
632
654
670
628
613
657
625
641
636
621
615
686
654
670
742
791
622
649
651
616
634
782
776
850
649
659
658
656
622
625
696
633
637
662
610
658
666
626
624
658
677
665
772
668
666
696
724
22875
680
604
612
628
702
618
650
615
656
644
637
623
654
612
613
659
619
645
626
660
631
691
779
692
625
627
703
647
659
630
603
622
677
830
678
652
603
633
616
658
626
652
613
612
664
603
616
651
645
615
672
637
639
649
652
664
668
647
609
660
596
630
662
607
635
654
662
647
597
667
671
648
759
681
641
686
665
633
683
663
602
666
618
640
678
637
644
691
650
638
634
636
584
634
648
600
601
643
640
22637
663
648
637
645
611
593
591
656
607
605
660
586
583
665
587
612
620
616
608
584
640
681
668
601
734
697
664
729
620
718
806
757
773
643
644
617
663
581
579
640
678
619
646
618
631
707
673
695
748
648
617
693
660
675
672
630
677
714
807
736
755
677
750
763
702
738
718
669
750
768
714
740
776
704
663
734
697
668
736
767
643
693
672
630
703
639
673
757
712
698
687
684
672
686
637
672
716
677
667
23299
706
697
682
695
768
703
656
730
679
685
660
673
736
763
789
721
743
685
738
757
750
767
675
694
746
670
662
774
685
680
699
724
711
669
654
745
668
724
774
711
691
739
676
648
754
671
749
703
656
688
695
689
760
715
685
712
691
709
726
684
651
768
691
655
721
715
661
762
655
635
746
655
654
725
682
641
735
646
745
702
666
730
706
655
666
706
672
698
675
651
730
672
696
736
665
709
757
682
696
23497
680
734
668
712
752
736
745
758
679
710
762
739
773
696
636
719
677
666
733
709
673
759
647
664
738
675
661
768
665
722
692
744
749
645
693
743
741
738
787
687
695
779
665
677
695
666
695
686
659
709
710
657
709
711
638
706
657
691
713
666
665
721
672
676
720
703
687
732
712
713
739
733
725
719
818
706
679
687
702
679
655
738
670
674
750
659
682
793
681
707
695
658
666
701
666
695
786
805
749
22842
661
722
654
677
694
707
671
709
643
653
697
639
679
696
667
641
717
715
719
693
709
653
709
716
695
665
632
655
696
696
666
683
701
721
752
666
738
674
636
716
702
715
732
708
664
694
696
652
714
699
717
688
705
735
741
654
669
697
690
650
680
667
706
719
670
681
628
669
707
657
642
659
697
930
707
706
676
701
722
637
695
664
674
654
691
665
696
643
658
660
655
681
662
677
664
692
704
721
670
23368
719
22718
630
683
669
644
628
638
615
758
638
663
738
764
615
612
654
678
608
677
643
644
656
700
695
737
682
614
730
629
710
691
654
650
679
691
656
763
710
675
690
654
702
658
606
631
636
632
612
803
730
685
771
644
643
699
729
747
791
768
742
724
685
661
716
630
717
851
781
740
814
806
752
785
758
943
703
672
770
784
727
704
729
718
668
661
698
618
703
656
657
665
672
600
773
766
628
705
644
24479
641
678
677
633
743
676
645
588
718
627
630
625
648
624
623
676
604
659
697
640
648
700
664
617
663
629
590
688
601
945
749
648
639
723
606
629
727
600
650
713
651
582
702
675
599
760
628
617
657
648
589
700
621
601
686
757
649
668
718
626
612
723
603
592
671
613
673
788
655
609
733
583
618
658
656
753
669
626
643
736
630
612
669
644
619
649
706
641
637
626
608
625
608
626
616
644
615
614
642
22999
621
686
650
604
656
601
616
623
586
655
588
679
634
615
658
604
593
678
643
589
640
625
597
659
653
616
598
620
586
610
654
598
590
631
627
812
624
614
584
629
605
585
579
623
613
671
697
591
592
655
606
601
636
589
625
627
659
598
573
665
616
615
656
611
596
693
587
612
621
659
591
616
637
595
584
713
593
675
655
616
606
635
643
618
704
670
614
688
668
599
639
728
599
616
663
629
589
726
611
23580
595
582
663
589
592
665
625
658
624
606
620
629
686
611
607
618
622
641
703
604
659
612
579
589
574
658
586
673
606
653
618
637
617
612
637
588
589
604
624
638
606
698
636
642
670
714
695
659
686
718
845
710
868
793
746
714
839
739
820
756
810
843
738
744
769
736
770
664
658
725
662
720
750
773
745
768
714
672
736
639
742
778
688
745
755
668
616
759
639
670
833
747
825
765
786
764
744
644
692
21441
708
591
629
683
682
640
709
638
603
667
641
615
702
619
595
674
637
609
680
656
592
626
761
682
676
712
615
577
679
573
627
685
608
606
651
601
573
679
645
607
613
614
573
579
661
593
609
659
580
628
654
596
629
613
714
600
644
671
603
579
669
600
615
655
622
625
648
615
636
619
638
567
602
682
610
581
657
594
599
674
616
626
646
592
591
680
650
686
636
651
618
593
703
657
622
694
598
603
645
21465
674
560
584
639
574
600
570
632
599
619
636
597
580
628
576
562
561
636
602
583
620
625
593
635
621
617
681
693
641
658
669
608
582
638
582
589
585
657
620
570
649
579
576
645
587
553
633
587
590
604
703
578
631
616
589
568
594
594
581
577
606
587
600
625
687
602
655
585
569
577
658
550
566
588
564
583
600
597
618
587
666
580
581
626
571
587
604
609
596
597
669
589
585
606
599
599
603
577
578
23103
591
609
629
616
620
648
646
576
681
656
620
611
671
599
612
629
598
639
667
653
607
605
639
600
598
667
575
586
624
681
613
635
603
609
628
644
616
586
638
607
620
710
640
590
647
612
597
637
589
563
624
624
605
630
654
629
599
667
628
611
659
576
601
629
896
593
663
620
590
637
612
609
611
652
613
608
667
598
647
644
612
629
644
659
604
648
638
605
595
654
655
639
665
658
647
651
594
584
657
23190
676
597
599
596
619
582
606
623
589
613
643
614
647
630
637
576
596
667
615
660
605
585
575
610
573
606
579
585
577
583
629
648
592
654
568
604
608
641
616
602
601
584
582
684
617
619
613
616
596
571
581
574
629
592
618
580
637
621
608
551
630
603
565
605
583
588
598
579
595
665
662
585
605
627
581
587
587
585
591
578
646
593
610
664
573
591
636
597
571
597
616
565
598
644
639
661
613
645
591
23432
661
611
644
633
618
574
574
629
621
644
599
676
578
575
656
597
578
610
641
580
586
643
629
611
624
616
589
603
629
589
609
592
605
603
618
616
623
652
580
568
625
615
593
591
628
590
607
637
650
622
592
580
590
598
625
593
575
625
614
613
614
619
588
618
627
594
607
645
587
597
608
581
597
602
628
622
640
603
579
621
597
602
621
589
590
904
634
606
610
606
614
568
622
663
614
589
596
598
628
22406
626
580
582
624
670
583
616
573
575
586
614
622
586
620
617
622
665
613
590
648
607
573
591
627
580
599
611
579
613
639
644
566
559
649
591
567
598
572
611
580
653
643
590
601
581
632
618
592
555
604
600
567
643
644
586
568
621
625
611
591
586
609
607
606
598
640
650
624
572
616
562
566
583
591
603
565
669
606
617
652
648
611
596
596
586
597
627
622
603
588
614
644
604
606
593
561
583
580
582
22947
598
602
652
570
564
599
627
627
608
588
607
579
590
595
562
597
627
601
600
642
664
595
579
581
581
616
586
552
628
596
578
553
631
637
607
562
611
567
599
595
572
631
627
605
579
607
623
627
612
662
550
589
603
606
619
597
593
598
598
620
622
589
594
581
565
569
614
580
557
600
606
605
645
589
629
596
608
560
559
604
585
581
624
607
626
602
657
577
623
594
609
557
610
578
596
587
604
591
595
23704
670
625
606
594
676
708
652
646
582
637
638
603
630
638
650
601
597
661
586
597
642
617
591
657
635
618
662
614
620
608
643
622
601
621
619
591
632
613
626
653
589
642
627
610
605
577
665
609
591
655
612
644
621
624
628
694
679
666
735
667
653
957
676
671
715
693
700
707
745
706
640
631
615
643
633
635
632
649
605
658
664
653
613
703
608
616
639
589
596
621
602
610
645
646
599
609
653
609
600
23748
599
684
583
614
669
607
602
677
652
595
647
599
633
640
600
615
596
638
621
647
673
591
612
659
591
590
625
663
625
574
624
592
662
628
595
611
621
661
592
659
617
635
628
684
626
603
707
605
610
691
624
587
663
620
605
667
581
594
614
598
599
620
703
640
583
621
609
812
633
639
632
636
597
611
666
652
575
599
647
592
609
654
657
601
690
634
641
710
602
584
613
613
591
626
614
654
624
655
619
