Execution time (ms)
18161
589
545
579
574
553
531
622
554
538
560
587
541
540
652
559
580
624
664
569
576
686
602
545
643
559
568
579
576
544
528
635
565
536
559
630
534
539
628
575
532
526
634
533
541
602
560
531
544
623
559
555
630
570
531
551
627
556
539
612
546
533
541
639
573
534
588
573
541
543
630
552
528
585
571
566
554
645
559
539
577
567
542
557
615
552
555
572
627
571
547
615
544
545
577
589
537
545
609
574
18408
567
635
560
567
622
563
567
563
635
616
668
648
571
565
617
583
559
559
675
562
567
639
572
562
583
605
543
567
642
582
572
644
568
534
563
655
552
558
631
564
560
557
681
560
553
635
569
550
600
623
549
548
635
578
561
640
563
563
561
654
551
550
653
570
557
555
677
560
557
647
558
557
605
595
559
552
660
567
562
635
577
558
549
659
553
552
642
564
548
586
659
561
547
638
581
539
612
578
573
17889
566
649
573
559
615
605
572
554
639
565
581
635
590
547
546
674
564
548
635
566
547
584
649
583
558
653
565
553
620
578
565
563
677
578
576
660
590
558
615
588
558
553
674
548
554
642
595
557
559
640
568
559
648
568
550
602
615
575
562
658
555
564
643
576
547
561
656
555
567
661
585
559
612
597
557
546
647
569
550
634
582
581
577
644
559
541
638
568
556
588
595
565
553
667
590
554
631
576
548
18184
583
663
564
560
639
563
540
588
591
543
533
641
560
562
619
574
546
544
648
539
538
586
596
548
540
670
573
529
595
562
535
543
631
541
554
602
593
568
564
636
537
546
614
562
547
542
628
545
546
609
591
551
538
656
547
538
628
566
552
536
640
560
546
618
554
547
558
635
541
544
602
557
534
535
628
557
547
614
586
554
554
639
547
546
592
591
545
556
642
548
559
631
567
555
530
631
533
548
607
17572
665
563
551
572
600
550
549
625
572
567
593
608
546
543
616
570
534
587
597
532
552
626
566
556
598
650
580
610
664
605
614
665
611
626
665
566
544
577
681
551
533
630
592
542
600
652
583
607
663
581
568
644
560
572
555
648
550
555
594
588
544
538
638
556
549
601
564
544
545
641
553
550
601
563
562
542
658
547
553
634
556
565
551
629
544
549
636
569
556
550
634
540
547
635
569
542
542
625
538
17663
544
524
604
542
534
517
626
548
547
655
604
572
592
647
558
540
661
542
555
594
588
523
529
615
553
534
533
613
523
531
606
569
528
534
615
553
535
592
550
534
530
598
554
556
555
619
509
515
602
547
533
538
643
541
530
604
589
542
537
589
536
531
566
585
538
532
600
545
537
552
627
538
540
590
551
541
531
613
542
527
577
571
535
526
594
539
544
534
637
515
533
581
567
537
550
616
558
531
565
17870
650
565
568
614
566
548
551
640
551
548
609
543
550
543
667
590
544
626
557
557
549
634
551
547
629
562
578
587
596
557
540
614
565
559
588
591
549
560
641
568
540
576
578
553
541
618
558
540
571
609
549
570
621
567
538
581
580
541
534
612
566
542
548
645
566
562
634
556
547
588
586
549
548
605
563
571
609
551
556
549
604
551
541
580
597
558
543
602
579
536
542
598
550
551
581
564
558
538
602
18040
561
556
608
577
553
551
604
559
558
620
604
635
570
599
555
549
627
570
558
581
598
577
575
601
562
557
602
561
571
550
618
559
569
636
590
558
548
632
550
555
633
561
557
547
612
567
584
611
569
561
557
627
549
556
621
562
552
573
657
564
552
618
557
549
595
568
548
549
631
566
568
614
571
564
556
616
565
547
588
578
559
553
650
577
550
604
575
557
552
610
563
551
622
578
587
555
619
573
550
17746
562
626
538
546
623
593
534
558
598
547
551
602
568
543
544
620
569
573
625
570
556
533
618
550
557
604
562
542
547
646
562
549
618
558
548
559
620
547
562
602
564
555
566
614
554
541
620
560
555
543
664
556
540
616
582
571
557
640
540
550
615
554
530
536
639
532
547
625
554
551
528
639
552
553
607
561
548
542
631
571
540
619
572
570
531
617
569
551
605
553
569
581
622
546
566
609
552
540
546
18068
633
542
544
589
555
556
548
612
561
527
582
573
549
539
586
541
546
546
593
546
541
615
536
555
556
641
579
564
645
589
562
618
649
631
562
641
540
547
628
549
540
539
621
543
556
633
579
575
589
628
562
546
613
567
532
549
625
523
540
600
575
531
524
611
549
561
602
567
545
541
599
548
526
574
560
535
535
619
581
541
573
580
541
531
582
550
556
543
628
549
586
620
548
540
548
639
547
535
604
17684
703
550
554
620
563
547
548
650
546
555
636
588
540
582
603
551
547
620
567
539
550
652
559
607
686
599
583
669
637
557
573
629
568
563
663
580
548
612
583
554
561
634
558
568
645
612
555
580
613
539
553
630
546
535
559
620
582
595
625
563
558
600
590
561
550
627
558
554
619
584
566
562
643
593
668
631
552
548
578
611
561
582
642
544
539
606
573
556
533
649
551
564
625
593
555
547
658
552
558
18300
679
552
547
621
553
542
547
659
548
555
632
566
572
578
603
557
537
624
561
542
579
624
556
544
650
573
558
576
601
561
554
634
552
542
593
569
583
557
630
559
547
595
571
546
547
633
562
540
641
585
547
554
632
542
543
610
560
540
542
631
556
566
616
562
557
541
629
540
537
634
559
545
541
648
555
545
614
567
540
540
644
551
544
602
563
573
560
628
545
555
621
577
544
551
644
541
548
615
611
17820
571
560
618
577
555
604
601
553
555
613
576
561
611
559
561
556
633
579
565
625
578
555
541
640
546
557
625
562
557
556
639
572
563
619
568
558
594
581
552
554
615
562
567
614
580
556
562
617
566
553
584
590
562
561
652
595
571
611
567
554
549
636
548
545
612
574
577
566
645
561
556
634
566
563
591
585
564
558
637
583
562
614
580
547
550
638
557
560
632
587
571
566
643
545
548
652
569
553
576
18265
581
543
540
630
558
560
658
638
548
547
667
573
653
689
560
550
610
594
530
546
651
539
556
602
574
529
534
626
554
544
573
612
542
542
642
553
542
609
583
536
557
633
551
553
585
597
539
547
615
540
542
578
626
539
561
634
560
553
587
593
531
541
644
560
531
566
658
574
586
700
553
549
660
559
528
543
649
545
541
650
576
591
593
627
551
553
664
567
547
587
601
547
540
649
547
553
607
586
560
17827
571
635
598
573
557
663
553
558
646
552
556
571
621
548
549
643
600
540
597
604
557
552
632
563
539
597
586
557
581
647
573
570
643
572
550
553
655
552
545
655
584
560
596
615
549
554
658
574
557
612
590
577
547
652
579
543
630
572
545
587
636
550
544
646
574
536
582
602
560
551
646
558
547
578
599
574
577
658
564
543
631
565
539
540
664
540
561
640
596
554
576
616
546
542
632
562
546
586
631
18312
550
548
615
564
546
615
543
540
547
637
557
538
588
546
534
530
598
547
540
575
570
573
555
600
542
547
571
573
540
535
605
550
540
541
634
557
543
600
555
562
541
615
537
541
595
559
564
541
618
555
538
602
561
547
541
602
555
546
587
587
568
545
602
555
547
574
555
552
536
597
535
574
565
575
542
546
595
558
542
523
584
542
536
612
574
537
543
598
555
539
553
553
541
551
589
561
581
546
596
17801
602
547
555
607
553
571
620
570
557
569
604
550
554
605
560
539
560
638
578
552
598
558
545
567
584
561
556
584
556
588
571
611
562
565
605
558
563
563
592
556
552
609
577
548
567
598
563
552
601
568
567
590
577
562
564
604
563
568
569
595
554
557
596
562
561
575
626
562
558
608
563
571
609
570
561
559
612
558
574
602
546
589
541
609
569
566
607
559
559
549
615
573
547
627
563
557
552
603
568
16758
616
536
512
507
563
529
512
535
548
512
514
563
524
536
539
561
522
533
518
558
528
520
549
539
523
512
577
539
525
516
568
544
524
505
574
520
516
548
529
520
521
579
527
521
527
570
525
516
525
569
515
527
529
543
536
521
575
556
529
524
568
525
523
525
578
522
520
574
517
539
533
574
526
502
517
580
537
523
556
543
513
521
576
566
523
511
580
541
517
505
577
505
523
570
531
531
534
578
516
17848
564
558
598
585
565
572
628
592
580
654
611
596
635
631
613
598
598
555
577
623
553
540
614
573
561
547
614
565
571
578
599
573
560
604
570
571
603
561
547
555
606
586
577
618
560
556
552
606
560
560
605
574
544
544
620
574
559
612
570
564
565
651
595
585
632
574
574
612
570
619
537
625
558
545
605
551
569
548
608
580
546
603
567
556
539
608
548
560
614
571
571
561
615
553
553
602
552
536
546
17846
659
578
556
555
635
552
540
610
591
558
554
638
545
569
623
565
563
560
651
561
558
656
565
597
717
574
547
551
654
555
562
647
577
560
596
612
560
573
718
587
591
678
769
596
670
579
567
640
617
550
561
673
555
568
657
615
597
587
645
573
550
664
563
553
615
593
547
542
674
549
552
660
568
547
591
647
558
563
641
560
556
590
629
552
545
670
557
549
651
572
543
543
667
731
553
664
560
546
628
18178
576
557
605
611
540
535
643
568
535
560
622
541
558
627
573
538
591
610
546
542
646
572
539
594
590
541
541
637
538
569
661
617
572
598
710
547
549
644
582
556
604
595
542
549
617
544
551
579
607
551
561
681
546
546
630
550
543
539
684
626
639
698
586
568
617
585
580
576
615
530
551
631
558
556
598
633
547
552
648
569
539
576
610
550
543
645
578
550
597
594
545
534
628
564
539
597
594
556
565
18242
684
583
556
632
592
575
602
578
545
541
650
562
540
611
578
554
553
671
557
549
629
565
569
541
656
566
555
652
578
557
589
618
552
540
657
551
559
593
589
554
575
665
549
538
607
578
557
552
659
538
543
638
580
561
574
630
550
541
648
564
551
631
590
556
572
642
553
544
600
590
549
547
619
553
559
614
584
553
556
625
536
540
593
568
544
553
648
555
577
631
583
558
546
631
556
540
619
568
548
17711
554
593
563
547
555
617
576
536
603
556
567
559
619
565
525
586
576
546
541
614
564
532
572
628
560
546
608
550
548
593
595
543
550
620
589
565
597
562
560
538
600
552
527
564
601
541
522
614
585
551
557
614
543
537
619
555
555
545
637
558
565
626
558
558
562
616
538
543
639
564
536
561
627
567
557
612
539
547
552
620
543
562
627
560
562
566
614
543
520
607
554
556
541
618
540
541
625
574
555
18421
621
563
540
563
635
543
533
611
585
544
557
602
540
548
611
555
560
566
616
551
545
612
550
542
555
641
540
547
631
582
542
538
620
558
535
608
555
546
544
626
557
576
617
564
551
545
619
543
530
609
564
559
541
647
569
548
632
551
554
537
617
541
543
623
559
562
558
623
551
535
642
567
543
555
653
568
552
604
546
553
570
601
531
550
598
556
554
555
612
547
548
604
568
544
549
600
554
530
590
18372
603
557
618
584
562
564
631
601
582
621
574
567
634
587
560
560
617
565
554
626
617
575
576
612
563
563
613
585
568
571
612
581
582
629
560
568
624
585
563
562
621
567
569
636
626
610
645
619
615
605
693
614
617
635
585
575
659
578
563
560
640
589
582
668
616
621
639
589
565
616
599
574
575
631
572
556
621
573
560
576
634
587
560
632
593
555
584
603
565
572
637
597
567
633
584
576
570
636
569
572
623
559
554
570
635
572
557
615
588
575
613
607
581
589
638
585
566
638
589
589
619
608
574
576
621
564
572
638
587
574
577
632
570
569
641
582
557
623
583
572
577
632
574
591
630
586
624
753
622
574
580
674
573
556
667
577
575
623
595
579
568
639
570
579
652
568
585
670
620
625
649
651
613
574
675
577
593
656
581
575
634
594
598
625
694
618
572
678
572
581
639
594
589
612
599
580
577
658
569
17985
552
585
582
541
539
614
564
543
580
594
547
535
604
550
541
544
615
547
541
603
548
551
546
624
544
567
629
565
539
534
639
541
559
611
554
542
537
623
529
549
600
565
545
553
617
558
555
598
556
551
539
623
564
542
591
576
558
553
625
560
584
647
605
585
600
691
546
531
620
593
583
560
629
538
542
621
561
551
570
604
538
536
611
573
561
559
620
568
543
618
555
553
552
624
561
575
639
555
543
17139
569
538
592
561
548
561
617
559
536
606
548
539
539
602
547
546
545
613
577
539
611
555
548
564
610
543
546
614
566
538
579
596
550
553
637
549
525
532
608
537
534
598
592
574
568
644
600
625
633
555
549
565
628
535
537
611
561
533
528
642
541
543
613
569
575
537
634
547
536
617
557
536
539
616
542
535
613
567
548
542
611
538
530
594
545
531
548
596
576
575
590
566
545
538
602
577
545
543
606
18093
641
565
616
574
578
628
579
547
561
639
580
547
605
569
558
565
612
554
543
624
563
564
587
634
556
556
625
565
553
618
593
554
559
643
594
562
625
569
557
556
636
553
567
617
569
571
580
619
560
560
607
572
565
580
603
558
555
629
611
556
609
566
541
545
596
553
565
605
589
579
585
634
563
561
616
574
559
557
626
550
552
616
601
572
584
607
556
562
613
585
563
594
588
579
574
628
562
556
621
17550
611
540
535
548
617
541
529
600
561
529
555
592
541
537
564
592
539
524
587
547
535
540
605
534
536
569
557
555
560
622
535
539
576
545
539
538
581
542
542
540
615
549
553
586
541
536
531
598
573
540
573
569
552
563
591
546
523
535
608
539
541
603
534
547
529
609
561
535
595
545
541
537
594
552
538
552
608
552
550
593
545
541
528
622
539
534
606
557
537
519
594
579
540
588
562
535
539
595
545
18795
642
557
564
535
619
566
567
602
565
553
558
626
558
563
601
576
553
551
587
548
553
601
558
577
557
603
542
548
609
554
557
551
611
559
565
620
559
551
548
601
551
557
586
560
550
539
604
572
560
614
564
559
555
611
562
563
599
554
552
549
612
608
556
594
553
553
546
612
573
556
595
546
568
576
614
551
541
589
560
551
551
612
555
566
609
602
560
556
635
579
559
631
559
548
560
622
556
548
611
18100
628
556
545
614
532
565
596
575
554
558
633
557
555
602
560
551
559
610
556
557
610
558
584
602
597
553
539
591
550
549
549
613
554
554
600
589
553
550
603
546
551
596
556
537
569
611
550
573
607
560
588
663
604
553
560
615
560
560
588
639
578
592
672
614
604
698
633
574
619
578
571
581
642
548
536
622
567
569
581
666
600
551
631
572
559
577
589
550
568
615
566
551
597
573
557
561
623
562
551
17937
547
633
533
535
595
538
542
532
616
550
537
570
592
536
525
598
534
535
531
615
523
547
570
577
531
551
599
540
550
554
611
539
529
611
535
534
538
623
517
546
584
540
535
541
598
533
551
562
599
531
523
600
543
520
540
612
538
564
640
569
564
585
700
541
535
627
562
563
534
611
542
527
611
538
536
535
602
552
765
714
575
550
600
559
537
549
592
551
534
568
571
536
551
608
553
545
521
610
539
17938
625
606
576
551
572
612
560
543
612
572
543
542
639
574
565
601
564
554
545
617
560
570
601
564
576
566
623
553
550
609
563
538
544
623
560
562
622
570
538
553
621
556
551
617
990
545
632
576
576
623
576
559
545
618
554
549
604
562
543
551
623
580
555
614
552
553
545
626
566
554
595
553
577
578
627
567
539
614
562
549
556
616
546
545
604
596
566
558
641
566
549
635
559
553
545
614
549
563
641
17836
606
548
557
597
553
542
612
589
551
557
607
563
553
609
553
558
543
595
576
570
602
559
539
556
605
549
548
583
575
549
570
615
544
542
543
594
601
555
594
567
547
566
595
577
554
596
568
560
583
576
565
564
615
553
571
599
581
550
545
598
554
556
574
601
546
563
618
577
557
577
577
563
555
600
563
552
576
559
559
574
611
586
569
569
566
553
556
612
562
552
572
613
569
546
583
572
565
574
571
545
537
580
538
548
576
597
555
546
612
574
544
554
614
554
542
615
582
549
561
607
555
550
599
555
563
550
613
552
578
625
559
546
558
611
562
548
596
545
534
550
605
564
558
606
554
559
549
613
572
546
619
567
567
568
623
567
555
623
576
559
540
617
562
546
624
597
580
549
622
549
536
621
552
558
552
623
569
566
629
555
551
584
590
572
561
622
576
549
592
616
561
557
623
557
546
607
563
558
551
18084
687
562
556
613
587
565
569
634
555
560
608
572
557
573
587
553
566
633
566
538
576
575
566
549
619
563
552
583
626
564
550
628
577
547
605
571
546
556
625
573
576
612
576
558
547
615
570
548
584
569
553
557
631
566
557
604
559
559
557
620
564
562
617
560
569
585
636
557
549
630
573
548
551
630
554
557
610
577
555
560
607
552
562
610
560
553
591
574
565
589
614
564
555
650
630
562
560
595
559
19295
629
656
622
598
600
620
706
595
612
703
625
597
679
622
583
559
695
553
589
654
579
557
685
572
584
618
674
594
635
696
559
559
731
703
714
602
660
555
565
644
570
568
611
570
562
550
648
566
565
622
577
554
563
660
555
565
653
573
564
588
601
554
553
641
572
558
608
582
540
624
671
698
562
583
629
565
553
637
576
557
602
586
594
570
708
590
604
724
650
586
624
617
585
595
643
578
554
622
611
18565
558
552
556
657
558
540
595
585
548
551
647
542
543
611
566
540
549
637
555
537
618
571
535
546
626
560
558
607
597
548
542
636
544
540
656
566
548
558
662
547
546
628
553
572
536
635
550
548
625
556
551
544
631
556
557
622
555
536
534
651
533
550
636
562
549
544
636
553
533
637
565
544
543
644
562
547
634
556
554
539
620
558
541
643
554
540
836
561
545
574
688
589
576
658
618
587
635
580
545
18275
612
600
550
534
613
540
569
599
598
542
544
623
568
546
595
584
555
528
648
578
548
603
582
545
564
636
551
544
593
571
553
548
621
554
527
594
595
534
544
626
564
546
601
595
559
549
618
561
550
589
577
545
543
639
562
582
636
561
542
674
578
540
539
647
540
547
610
606
543
546
647
553
543
615
572
546
537
635
547
563
616
577
543
545
634
550
553
621
557
542
550
656
546
553
633
552
542
540
637
18241
630
543
634
547
555
611
561
541
17942
18675
600
559
557
613
553
579
567
597
18349
574
556
634
559
569
630
596
556
556
693
556
556
643
560
559
555
619
596
550
664
561
559
615
565
544
553
627
553
543
624
582
557
540
636
579
550
618
563
557
552
649
573
559
626
567
555
563
627
558
537
640
573
585
616
616
555
551
648
555
543
627
563
560
556
681
570
547
603
563
540
539
623
539
547
620
562
573
566
644
554
17338
628
563
604
586
579
592
654
560
552
643
571
596
624
683
621
563
686
552
551
640
564
553
593
628
555
578
705
604
586
665
573
563
591
619
572
557
656
558
553
641
579
548
548
673
570
558
644
579
565
591
619
574
566
668
567
566
653
589
560
570
638
548
554
625
568
550
576
639
560
552
638
574
553
605
605
550
564
655
591
564
633
578
559
578
629
554
556
634
580
564
606
608
561
560
654
556
569
634
571
18015
568
552
634
17642
634
582
561
642
549
559
585
594
544
548
651
564
551
608
609
545
551
632
571
539
619
589
542
548
628
572
539
597
578
541
531
628
590
550
620
536
547
539
646
553
545
626
552
551
544
636
550
527
584
571
576
576
655
551
550
619
564
540
541
654
569
552
652
601
563
584
697
579
595
700
562
563
642
582
571
567
607
546
550
627
568
556
592
596
533
574
656
572
583
719
586
552
548
659
562
17928
545
588
605
546
536
641
554
540
584
601
556
541
628
562
540
591
593
536
532
622
565
552
647
576
548
541
639
552
535
566
611
546
556
677
573
541
603
591
544
533
635
543
539
605
577
559
558
647
573
540
603
572
531
536
622
549
529
597
610
550
545
620
551
538
613
566
547
551
635
546
562
621
729
537
559
615
542
549
635
562
539
554
656
561
538
626
552
543
568
588
537
554
620
546
560
587
602
542
527
18185
611
635
658
689
603
524
514
625
523
512
546
593
532
510
589
581
513
522
611
526
517
578
568
509
514
607
546
546
533
633
505
504
571
560
516
516
621
530
529
529
627
533
524
602
531
503
499
615
536
509
519
615
530
529
578
560
512
511
609
525
512
519
614
510
514
580
574
530
516
610
541
512
511
654
634
698
644
512
531
564
578
509
502
611
548
513
511
618
519
529
559
596
517
524
608
529
529
512
614
18336
583
549
639
551
543
641
571
551
554
675
573
557
645
565
555
605
603
559
562
612
551
531
615
612
551
560
650
553
549
629
563
545
540
621
547
565
618
564
557
548
620
542
557
627
566
555
557
661
567
547
619
568
558
544
636
552
560
617
562
591
568
606
541
564
618
572
575
624
675
591
546
666
551
559
630
559
552
552
639
577
593
674
598
589
623
605
556
575
654
574
546
634
560
551
564
635
543
546
642
17529
686
555
540
585
601
562
535
639
579
553
604
589
546
565
649
569
549
625
563
549
543
646
558
553
628
565
561
541
641
549
550
627
573
551
541
628
556
548
627
571
550
555
635
595
582
687
608
580
681
603
613
658
633
598
547
672
545
586
673
575
577
605
587
582
584
707
669
562
604
612
551
544
634
554
533
598
603
563
557
622
564
547
597
630
542
548
632
553
558
599
593
562
539
659
555
547
619
564
553
17951
581
639
571
572
639
577
569
560
664
568
560
630
584
568
586
594
579
572
636
581
578
650
577
567
560
674
602
592
709
610
618
716
602
579
649
618
576
603
631
568
561
642
571
549
642
580
590
572
686
553
574
647
573
564
634
583
574
554
681
590
567
654
577
565
608
624
575
573
658
573
586
655
581
566
587
633
563
554
632
577
562
623
591
558
563
609
561
573
617
572
567
565
621
565
586
615
561
566
593
17909
604
17712
637
558
562
610
551
546
595
547
528
558
631
583
555
605
561
555
545
573
542
552
591
571
573
571
616
563
554
590
551
571
544
599
551
555
583
590
565
555
586
571
551
597
575
547
551
605
576
567
589
558
552
560
600
560
549
575
593
538
547
617
631
643
554
627
563
552
595
554
536
552
625
570
578
625
563
555
554
673
535
539
641
585
555
548
695
578
558
613
562
554
581
615
557
545
634
574
584
18127
695
551
549
549
636
548
559
638
576
564
575
625
543
557
640
563
547
587
648
551
542
672
545
549
656
560
549
543
650
562
566
623
569
545
589
609
544
534
645
576
560
570
632
557
551
657
569
546
588
593
549
552
665
555
562
642
572
554
539
667
547
547
660
568
544
571
637
564
553
631
551
545
600
596
552
545
643
580
555
622
571
556
552
654
559
562
660
554
546
548
681
560
547
633
570
549
585
618
543
17591
617
549
629
544
552
624
546
534
542
657
547
557
645
571
537
537
642
541
542
601
559
531
539
652
553
537
639
552
529
525
633
547
532
583
578
557
561
632
546
543
593
582
529
530
633
559
538
583
637
550
541
621
565
542
575
594
560
545
627
552
559
588
594
541
544
647
548
547
584
586
533
530
632
574
551
589
579
539
536
633
544
538
598
585
551
555
633
556
530
559
600
533
538
636
554
566
609
654
573
21082
683
19768
570
565
652
581
583
626
604
564
596
572
575
603
575
554
546
608
560
553
616
569
556
544
605
559
570
661
594
582
597
685
563
546
623
583
570
549
587
533
540
604
566
541
547
615
551
603
616
558
562
559
609
551
543
596
562
571
566
672
561
555
608
562
576
571
615
551
548
600
572
590
596
569
558
559
598
558
562
568
561
555
553
615
582
555
575
587
556
542
602
577
554
585
575
577
572
607
565
17988
563
560
594
549
555
591
565
544
540
591
561
541
595
589
557
539
597
551
549
558
575
554
542
591
553
557
550
621
553
538
610
577
539
537
634
533
545
602
594
543
553
615
548
538
581
564
553
559
589
548
565
597
559
547
542
600
558
560
600
546
533
528
595
580
551
552
609
540
534
607
543
526
529
635
559
574
629
548
545
542
623
552
546
622
569
538
543
654
563
548
598
553
557
542
641
541
550
615
555
17381
556
545
543
613
545
17690
570
559
622
576
558
530
634
550
543
634
555
577
557
637
571
530
602
551
534
562
644
563
568
625
581
545
560
604
545
554
612
571
568
562
599
554
556
625
557
571
590
607
557
546
648
555
539
595
616
568
563
628
555
539
598
572
542
546
608
583
569
619
594
539
543
630
549
553
600
570
566
557
664
546
553
620
543
533
543
645
547
557
637
570
565
555
624
537
556
643
558
540
556
17604
626
252
280
305
267
188
321
186
33
287
395
320
32
307
32
165
200
185
373
173
335
171
197
29
251
191
276
34
322
38
31
210
222
174
187
34
179
274
212
38
173
48
46
59
259
269
208
155
211
291
311
308
304
215
332
314
171
183
314
249
209
39
238
30
335
151
287
197
424
194
286
202
34
263
202
265
189
319
229
181
167
187
203
197
260
177
282
362
224
35
47
46
44
205
290
188
194
179
179
18361
584
530
556
635
620
568
535
590
576
527
524
613
554
520
577
649
569
573
684
584
570
708
596
588
626
585
534
532
669
553
531
591
584
533
525
685
579
558
601
610
541
531
634
545
523
583
605
518
536
626
554
543
526
613
539
536
592
567
531
515
621
540
527
562
583
525
517
611
553
525
511
605
534
511
551
593
522
518
632
578
536
545
642
525
524
606
545
520
525
626
540
555
590
561
524
516
602
546
525
17482
609
550
624
539
528
655
557
535
543
651
531
542
643
555
544
569
695
572
568
666
581
620
630
579
548
555
672
538
525
628
567
541
546
646
552
538
640
569
565
585
610
542
545
630
568
540
576
611
540
542
651
571
533
578
617
540
541
623
561
542
548
622
565
547
653
555
530
585
598
532
544
620
544
532
536
669
550
561
636
567
543
560
603
555
535
627
550
566
580
606
546
558
653
558
547
594
583
537
532
18067
658
568
544
609
595
547
546
676
566
532
618
580
552
549
643
540
543
596
563
566
576
641
546
556
626
553
558
535
636
554
550
628
579
551
540
636
549
535
612
557
547
536
635
554
569
630
547
561
556
613
549
559
589
543
548
536
639
576
546
19072
551
198
310
31
352
208
401
276
321
444
213
306
197
214
38
32
225
33
33
249
31
254
34
205
282
42
329
277
250
221
183
302
205
33
31
213
181
170
190
17982
554
530
595
546
529
536
597
522
545
622
550
532
535
609
544
532
564
559
545
543
595
573
536
535
588
542
531
592
540
525
539
600
527
541
545
555
543
527
583
545
540
541
582
535
533
571
581
531
536
581
552
534
527
597
532
516
564
533
540
556
579
538
520
520
594
535
527
593
547
536
525
582
576
526
528
583
530
533
580
541
533
543
588
546
556
582
551
528
535
592
526
530
523
586
532
514
533
605
540
18090
572
604
567
562
554
643
576
578
601
559
593
609
578
553
554
611
564
562
616
563
559
538
607
563
571
613
565
563
559
631
572
560
609
555
556
548
616
552
556
608
559
581
576
606
568
554
635
565
552
553
632
590
551
620
586
579
596
577
561
560
606
577
563
604
565
544
552
617
581
540
614
570
555
544
611
573
566
614
578
557
586
608
562
552
606
565
558
566
628
552
550
615
589
579
567
620
575
558
608
17809
591
553
545
590
547
538
549
605
556
547
599
544
555
558
586
541
543
583
550
551
533
593
550
547
570
597
587
588
640
577
576
661
611
624
622
587
555
545
623
566
542
554
589
529
546
618
544
540
536
607
572
552
595
569
552
545
598
571
587
645
569
536
541
612
531
564
596
573
541
539
593
545
542
601
553
573
544
570
559
17255
592
540
536
614
557
540
540
616
540
547
627
556
552
543
618
554
538
616
552
17686
591
518
560
568
547
534
633
592
570
600
630
599
554
643
567
542
641
549
537
535
626
568
528
627
587
587
568
646
533
569
627
543
542
535
605
542
533
607
564
532
525
600
565
537
534
607
537
558
617
543
536
537
634
552
554
633
559
530
532
658
535
552
620
559
558
537
666
556
533
621
551
531
538
639
532
539
607
557
539
558
636
526
536
576
604
547
548
652
541
536
603
611
545
539
655
537
553
608
565
18181
611
609
696
587
593
716
564
552
656
578
568
606
609
537
551
640
566
529
595
613
551
537
667
568
549
589
593
548
541
644
546
533
596
604
555
575
640
564
547
633
569
553
543
653
538
545
637
574
560
552
652
549
543
637
568
548
597
604
551
584
647
549
559
638
589
538
550
665
554
535
607
621
543
545
670
537
540
643
575
546
571
625
558
554
632
547
551
575
628
544
529
648
565
543
592
639
555
531
666
17993
580
550
597
614
550
542
617
552
552
590
596
549
551
631
565
580
608
579
548
553
631
558
542
588
583
545
575
674
545
548
614
559
554
549
637
545
542
609
587
572
548
624
556
537
604
575
554
534
635
563
567
653
565
540
569
645
568
544
648
562
570
599
613
544
542
640
552
551
586
624
544
557
663
546
574
642
561
547
563
644
553
559
617
569
541
548
672
553
547
621
541
548
562
619
551
560
632
565
571
18471
681
559
543
636
564
562
609
618
558
563
643
568
564
615
593
562
540
674
577
549
637
565
549
552
656
563
568
650
574
580
615
595
563
558
658
565
538
629
571
543
545
668
569
574
639
580
548
586
621
566
563
633
581
570
628
604
564
556
651
564
574
649
567
548
605
635
581
561
638
554
558
615
591
550
575
652
574
580
583
636
564
555
649
566
557
611
599
553
550
682
582
562
649
576
558
573
622
555
554
17687
590
644
551
554
636
572
554
579
597
553
576
626
558
543
591
610
565
573
614
561
556
616
598
550
540
648
540
549
618
561
549
545
634
558
558
626
594
544
552
680
559
559
633
552
542
558
670
556
550
624
579
552
609
585
556
559
642
564
573
661
575
543
542
649
555
554
646
558
555
556
671
562
575
655
557
549
600
597
544
540
649
560
584
628
557
552
542
639
546
551
623
554
557
545
687
579
541
631
565
17975
560
547
625
596
550
563
618
539
531
657
586
576
648
637
584
594
697
586
620
723
593
534
652
587
558
573
625
560
545
644
587
579
666
595
544
548
659
557
540
625
553
550
519
620
539
538
604
588
536
546
624
541
531
581
600
549
541
637
563
600
664
633
543
551
668
539
535
633
562
555
546
664
544
543
627
577
531
538
659
541
537
651
549
540
540
667
547
548
627
547
539
533
683
555
538
647
568
536
579
17948
641
541
534
590
550
541
533
667
572
569
632
607
577
529
635
543
562
646
565
528
547
614
533
548
669
610
535
555
635
541
541
615
554
537
543
645
533
542
596
550
538
534
630
547
523
585
590
538
547
598
546
519
548
595
527
559
619
544
534
530
594
541
538
596
558
540
528
627
549
527
571
559
542
548
621
555
542
533
624
537
530
617
549
524
525
608
542
534
589
553
538
531
593
557
631
679
632
534
541
17982
654
612
593
656
607
595
659
657
559
555
664
576
550
641
552
541
546
657
552
539
637
568
561
596
644
557
552
636
555
555
580
609
551
540
664
576
551
633
584
553
544
708
557
544
637
547
572
608
605
541
542
634
583
550
584
589
537
542
656
601
565
614
585
555
545
651
537
556
639
577
577
587
636
544
554
635
569
554
599
618
546
544
641
592
550
610
611
552
551
651
555
549
640
565
567
587
630
546
540
16928
574
551
625
547
546
548
614
536
533
610
538
536
525
613
531
539
623
572
541
557
613
543
538
562
578
525
536
603
548
547
550
615
539
537
616
542
542
538
616
534
525
588
596
538
526
605
545
541
544
601
536
538
617
538
548
561
620
523
525
589
569
542
538
613
542
537
570
596
553
534
612
538
545
541
598
538
530
613
547
552
545
606
524
556
591
554
528
534
628
541
536
570
618
554
542
603
552
535
570
18138
596
553
555
621
564
552
631
615
609
628
658
555
568
611
565
545
591
586
556
546
627
555
558
594
565
568
569
603
559
553
610
568
551
548
605
569
558
597
585
567
565
609
556
554
608
562
559
554
609
573
593
658
610
551
563
655
561
555
651
575
546
555
644
555
565
632
561
549
576
622
549
562
659
569
555
603
598
552
550
636
564
576
893
567
554
638
587
561
556
647
551
556
644
574
562
614
619
560
552
18186
696
553
552
632
575
548
559
702
572
553
628
571
553
601
679
600
596
670
579
560
660
577
546
601
609
550
568
678
567
562
647
579
553
550
654
554
565
646
572
558
596
604
548
561
688
572
561
637
571
557
555
652
566
555
640
575
549
579
620
552
554
647
554
553
595
608
554
570
654
557
559
619
594
564
552
656
551
563
646
558
546
562
629
571
558
631
570
563
597
597
570
558
658
573
570
638
577
555
553
17795
632
592
595
585
638
556
558
644
593
562
604
586
553
575
665
558
560
635
578
551
575
660
571
550
673
587
546
596
609
563
561
659
556
556
631
573
573
568
637
542
556
627
572
550
584
618
556
558
642
584
548
618
577
552
553
624
578
550
624
574
605
659
679
568
562
650
564
557
626
587
571
550
683
572
561
634
556
559
565
631
570
555
651
564
566
620
587
566
556
660
559
553
625
581
555
551
660
552
562
17810
609
351
388
373
308
371
264
207
229
262
417
305
306
239
206
274
199
190
215
268
307
202
342
280
222
435
189
173
227
230
305
286
186
216
279
321
208
532
187
214
154
42
36
39
43
44
39
43
40
39
49
45
213
181
36
184
352
203
314
215
258
32
187
36
35
240
229
295
35
205
184
199
186
199
270
229
254
338
389
274
193
167
314
461
184
200
158
153
33
335
356
349
432
272
209
182
314
234
222
18603
584
548
592
587
542
528
627
587
568
620
561
550
545
633
555
551
617
575
526
526
653
555
544
606
594
538
539
653
549
537
613
556
574
560
645
535
539
625
571
534
553
682
539
545
649
590
541
574
620
541
522
619
565
550
551
642
539
560
639
571
542
576
631
540
546
633
572
546
594
657
562
549
658
540
539
607
593
537
534
663
553
557
616
574
543
533
668
541
541
636
545
543
536
708
547
552
631
557
539
17855
564
636
565
544
574
589
533
551
604
560
542
575
587
568
548
619
550
557
570
590
538
538
601
548
549
552
639
547
550
605
546
547
555
618
535
559
609
554
560
553
619
532
542
595
552
534
550
595
548
540
590
582
552
543
592
537
547
537
577
548
544
595
536
560
569
602
539
550
594
553
541
544
576
555
543
579
593
550
545
584
552
564
561
570
559
538
630
556
555
529
612
563
549
608
553
545
546
605
547
18432
580
602
538
540
589
541
540
549
613
550
536
615
571
553
545
611
564
550
599
558
545
542
596
587
572
600
548
564
554
626
555
547
580
588
554
584
642
562
547
609
582
545
554
626
542
556
598
585
564
546
631
556
545
608
562
557
542
633
554
550
649
591
572
584
657
595
600
728
624
604
634
570
565
584
626
544
551
630
565
554
598
684
594
597
655
552
555
638
560
546
549
650
567
550
619
564
562
569
632
17874
574
535
572
554
529
527
611
550
530
525
627
530
534
592
577
549
534
602
544
533
556
595
531
526
607
533
534
525
609
526
542
585
553
523
527
586
549
536
521
621
544
520
599
538
538
525
601
525
521
543
611
532
522
584
559
553
536
611
542
533
655
566
567
552
641
582
551
614
562
557
549
608
545
532
579
551
534
511
600
545
540
523
640
560
526
615
545
531
521
606
545
541
555
569
516
537
620
533
507
18103
570
622
547
564
628
546
550
531
631
548
533
599
561
547
536
647
554
538
622
557
544
550
626
547
544
604
563
558
565
631
545
544
622
551
538
547
618
558
571
602
582
562
541
607
550
535
585
573
555
556
624
554
582
632
558
554
538
609
547
542
618
555
547
548
625
580
542
607
559
548
531
608
557
547
565
569
539
559
616
634
549
605
569
540
545
615
571
526
566
620
554
541
629
561
550
576
585
544
530
17817
643
572
551
550
602
556
528
578
578
541
561
639
549
543
588
577
536
553
618
572
531
550
609
555
572
609
549
550
538
609
547
560
612
557
540
536
623
556
562
600
553
543
550
608
541
535
592
557
544
563
636
534
542
590
927
532
610
546
548
540
632
572
555
604
566
548
548
633
543
550
614
554
558
564
615
541
547
588
554
537
535
595
550
575
589
579
561
535
600
563
550
551
613
542
547
607
570
568
580
18574
592
558
641
577
581
632
579
560
566
649
579
569
618
572
575
564
652
574
560
634
574
574
606
595
568
559
636
586
590
624
570
564
558
654
577
562
619
574
572
619
618
571
557
642
559
567
653
574
572
576
601
575
577
635
564
576
601
579
587
554
627
575
555
630
597
573
583
631
559
571
619
573
577
604
587
582
584
652
563
561
618
569
568
557
639
568
566
641
606
551
608
606
559
556
616
584
575
635
595
17436
583
555
536
621
560
541
596
571
557
548
629
578
567
590
550
529
546
604
548
542
576
579
537
553
627
556
544
529
617
551
551
603
552
531
524
622
573
565
609
555
547
542
612
544
552
580
564
538
533
599
561
532
580
555
548
548
576
537
547
533
584
557
552
621
561
538
535
593
559
541
591
541
545
531
618
613
584
626
590
589
573
654
605
625
624
559
537
561
603
527
539
605
552
538
556
665
587
572
636
17894
550
536
539
609
551
535
529
617
546
536
590
547
549
537
615
539
529
574
557
552
544
582
533
541
546
597
541
547
600
541
544
539
597
549
541
549
576
581
545
596
553
550
550
618
549
542
615
555
547
551
622
539
545
617
546
545
576
626
536
560
669
586
577
635
652
556
547
636
571
562
605
545
560
553
626
548
532
560
573
535
551
611
581
545
533
628
546
539
613
549
555
543
633
552
549
621
548
533
542
17520
595
599
552
562
607
547
531
539
617
551
531
583
565
544
538
634
577
540
556
573
525
538
612
554
540
550
618
559
546
616
550
536
529
619
529
539
595
546
533
546
619
573
549
585
558
537
536
600
549
538
554
592
555
576
606
548
553
556
621
17881
565
568
590
572
541
550
596
556
537
556
595
552
533
622
581
549
548
624
535
539
615
532
530
532
611
531
552
597
551
539
535
595
554
542
567
590
529
538
615
17962
574
539
543
609
560
537
593
548
532
541
621
534
554
552
610
535
538
624
550
549
544
611
544
557
615
541
543
542
620
555
534
597
547
527
544
603
545
534
583
572
550
538
619
560
546
550
603
541
537
596
544
534
541
615
555
532
581
539
551
538
584
545
533
562
569
540
532
601
554
541
542
617
532
535
579
558
536
561
583
553
538
580
556
547
545
593
545
543
534
593
550
549
607
553
542
533
600
555
543
18132
624
571
538
538
603
540
540
553
612
548
554
626
586
547
565
603
541
553
620
570
541
558
612
550
553
615
557
545
540
624
542
548
603
554
549
556
636
569
550
638
555
543
550
594
538
558
614
556
560
551
638
545
572
613
555
548
542
618
546
551
630
556
552
569
604
540
539
606
570
544
555
617
549
565
598
565
553
548
613
543
554
607
565
544
536
631
571
538
600
558
553
548
617
555
533
586
551
560
560
17794
573
625
574
576
647
555
552
573
578
516
533
599
555
528
521
610
532
534
592
564
538
538
629
541
559
582
566
546
528
602
554
543
564
592
548
532
625
542
535
547
602
536
536
595
565
519
538
600
548
539
570
581
551
537
592
569
541
554
601
538
535
588
538
542
540
602
544
554
583
557
530
539
631
543
545
550
565
542
537
596
550
538
530
611
530
543
588
548
540
544
598
558
542
553
604
546
558
642
580
18311
578
633
561
567
577
656
545
551
647
577
547
579
605
557
550
620
586
570
602
568
552
567
619
561
553
612
589
556
567
614
575
555
609
571
556
538
608
554
554
612
586
568
559
606
554
564
602
568
565
564
637
553
582
614
565
548
555
605
562
546
598
558
551
552
636
567
562
607
564
552
552
619
568
559
603
567
569
580
618
594
588
650
596
622
627
575
563
567
644
547
573
607
549
562
553
593
541
557
612
17653
597
549
536
545
576
525
522
573
543
540
546
593
556
522
557
552
526
527
583
538
534
537
582
555
535
548
554
527
529
578
545
536
527
595
550
539
576
532
539
534
586
534
530
533
580
539
535
587
557
535
524
577
534
532
527
589
516
526
564
531
529
541
574
547
519
522
586
548
536
556
547
526
530
586
551
534
532
569
533
524
544
584
536
522
579
553
523
535
588
533
515
567
549
527
529
582
540
549
517
18576
582
17561
582
552
593
585
568
550
587
554
542
591
554
541
552
593
555
564
574
585
557
538
582
552
548
537
608
555
539
606
606
542
542
591
538
549
605
548
543
541
594
563
585
592
548
537
545
569
543
543
573
572
544
547
616
566
534
534
609
551
540
590
551
536
541
591
565
559
584
567
543
543
588
548
548
547
579
543
542
600
576
541
553
598
542
547
598
555
550
545
620
543
566
584
538
554
542
603
534
17778
553
555
585
531
550
545
604
522
541
582
530
523
528
608
563
527
516
564
514
512
581
543
522
530
573
532
556
531
587
525
526
550
535
543
518
572
540
526
520
588
555
520
565
536
543
508
599
521
534
520
557
534
566
564
542
529
519
575
528
527
544
578
519
518
517
609
537
543
569
537
547
528
591
538
521
517
599
532
543
602
532
526
517
594
531
540
523
586
524
528
575
575
537
548
689
553
534
518
608
18227
631
575
633
553
558
630
570
545
559
649
562
550
637
589
562
582
616
552
561
631
554
550
604
596
567
584
637
546
554
618
576
552
548
652
557
571
652
597
554
596
581
550
555
625
562
550
573
601
563
575
628
573
546
580
591
548
554
628
565
561
636
594
559
551
631
561
560
649
558
536
566
640
579
571
652
606
584
653
642
599
649
653
618
624
676
552
549
668
588
553
583
601
553
576
659
611
591
681
575
16881
678
555
535
542
618
539
556
626
550
524
522
606
539
542
574
560
536
538
614
549
535
544
602
530
548
610
566
544
533
620
530
539
621
568
541
540
626
548
553
612
562
537
542
622
548
536
567
566
535
523
603
537
709
692
554
538
531
642
540
578
649
554
537
551
646
533
546
596
574
545
551
662
624
650
753
555
579
671
584
586
607
623
541
582
669
545
533
621
568
531
531
666
546
563
632
583
563
563
622
18924
603
691
561
558
681
566
559
662
579
559
589
634
568
579
660
565
556
619
586
562
537
641
557
547
633
597
582
575
631
557
552
657
582
568
620
578
564
579
657
557
550
675
573
575
608
610
565
555
654
573
563
615
572
568
548
639
542
561
638
568
578
599
631
540
540
630
557
559
601
601
551
576
672
568
556
798
565
548
615
588
558
548
623
556
575
620
588
547
547
655
551
561
651
563
536
558
675
579
548
18311
653
548
550
657
582
556
591
591
548
546
643
557
567
588
600
559
561
627
549
552
625
574
554
541
634
555
544
622
589
557
552
649
544
551
634
551
550
555
640
542
573
657
557
551
568
605
554
788
624
549
551
659
565
547
564
620
555
547
619
554
562
569
611
575
559
613
568
544
581
609
566
552
652
568
549
585
614
561
546
632
558
542
597
576
568
541
651
547
581
660
562
545
550
624
550
559
645
568
558
17950
548
646
620
519
613
557
544
545
656
559
530
617
552
532
533
634
550
531
613
548
539
562
650
542
542
595
571
531
540
610
548
534
586
597
539
526
614
548
521
569
588
524
542
607
540
566
560
629
533
535
622
541
522
528
621
541
528
602
586
532
536
623
543
541
571
592
521
523
595
564
563
554
619
539
538
624
546
545
532
632
548
534
623
591
550
533
628
540
534
606
541
528
525
627
550
556
585
568
539
18022
564
630
571
549
586
613
558
561
635
561
571
613
595
549
543
639
557
540
620
577
567
547
664
569
556
625
570
549
541
642
537
579
640
565
583
595
597
556
572
652
565
556
619
596
552
554
677
570
556
643
558
560
581
615
545
553
633
569
563
598
593
551
562
647
548
535
593
601
562
17532
575
561
650
583
541
577
663
591
596
728
562
538
616
601
530
542
689
558
547
629
636
599
617
625
566
540
665
543
541
18091
688
565
549
539
653
555
539
641
560
536
549
656
555
546
629
543
561
568
642
545
546
645
563
553
571
611
540
545
645
563
543
592
596
542
546
643
561
555
620
572
545
529
636
568
537
588
623
545
544
654
564
539
637
644
581
596
685
600
566
686
552
551
635
608
543
540
651
551
528
20376
686
563
546
636
556
544
549
637
565
562
650
570
550
577
616
540
534
649
559
548
598
633
538
540
631
548
550
614
570
17468
569
523
512
618
538
532
506
644
507
520
594
564
521
537
597
529
505
514
628
524
514
581
579
522
519
644
561
526
578
583
530
522
604
559
517
507
633
527
544
621
547
519
506
608
516
533
536
612
525
516
601
575
530
523
632
521
518
577
591
531
516
627
542
544
540
590
515
522
591
548
528
517
638
534
539
559
601
536
516
578
528
517
535
581
529
527
557
527
535
535
604
526
526
517
574
533
521
539
550
17454
635
545
551
591
535
535
533
584
546
551
582
557
544
545
581
541
532
546
580
529
533
714
599
532
537
638
544
535
618
541
545
542
607
530
528
578
561
547
554
605
544
547
587
555
545
526
596
531
537
543
656
557
543
610
543
532
525
627
545
542
598
553
537
548
611
553
543
569
580
526
536
610
540
540
556
632
545
562
601
540
521
515
613
529
531
582
572
536
560
605
557
553
582
559
546
532
624
541
537
