Execution time (ms)
65669
65838
63497
62452
62362
64947
63345
61374
62819
64808
63041
62858
64292
63429
65806
64497
64417
63375
63012
62635
61520
63270
63431
50556
60842
63669
62864
64137
63185
56654
72495
62090
62516
79039
63069
61655
62780
61489
64248
62255
63165
64052
64673
63555
62399
63284
62069
62346
49327
62934
63667
61958
63151
62807
63290
61627
64777
63827
64686
63517
64308
25583
63606
63486
63689
62769
63347
64817
63295
47354
62968
74227
67922
66407
63447
65763
77520
64101
63587
64379
62285
63559
64128
64013
63758
64909
68158
72786
72150
70723
68497
68877
67047
66109
67569
101319
66169
66773
65304
80992
