Execution time (ms)
20552
21110
20590
20466
20700
19856
20504
20015
20374
19576
20180
19650
20264
20764
20675
20924
21239
21252
20843
20167
20551
20686
20561
20371
20479
20334
20925
20298
20775
20554
20199
20631
19952
20460
19900
20225
19140
20829
20553
20164
20292
20122
20249
20579
20423
20566
20260
20699
20230
19056
556
19710
20767
19977
19171
20402
20247
575
20015
20476
20586
20717
20994
21134
20479
20185
20918
20270
20308
20388
20456
20496
20205
20434
20598
20875
20382
19574
20607
20465
19649
20293
20400
20590
20767
20655
20582
20426
20452
21417
20825
19185
20813
20817
20191
20314
20404
20800
20713
20616
