Execution time (ms)
26360
650
701
675
664
694
688
663
662
653
642
746
658
632
691
791
670
840
678
684
822
673
726
828
656
772
653
748
731
730
656
730
687
639
855
797
647
757
709
695
666
632
722
649
644
728
661
651
712
638
643
675
776
640
725
681
639
671
640
624
697
696
832
707
634
644
705
659
746
701
687
703
747
646
692
719
662
680
721
632
661
713
695
760
654
673
702
676
632
777
649
647
766
638
645
714
654
644
656
699
25701
644
701
664
630
635
739
897
784
695
652
669
679
651
679
670
634
698
706
629
776
641
637
689
643
731
720
664
636
687
654
661
689
647
639
672
651
645
726
695
716
817
636
626
746
657
626
693
688
630
724
658
661
713
640
628
719
650
642
703
642
702
733
660
638
745
636
628
708
636
633
706
674
623
711
637
637
702
669
629
734
630
635
725
664
634
697
629
641
750
26374
642
701
665
647
715
743
34
678
720
26013
705
612
644
715
646
685
628
644
677
612
638
654
648
645
637
662
616
618
694
616
610
662
833
665
671
632
631
704
689
625
657
623
613
709
625
610
761
642
609
789
614
613
697
608
619
726
717
629
739
617
609
676
638
619
640
621
740
924
624
623
791
653
713
843
635
720
749
701
684
658
613
678
700
615
618
702
654
614
820
709
616
693
615
633
695
757
735
632
631
717
628
621
642
625
611
614
754
640
615
26145
729
617
636
687
624
656
699
641
620
709
628
635
692
638
644
696
642
618
698
648
680
720
740
710
682
641
644
765
622
632
700
622
626
726
703
631
730
641
633
704
625
631
682
625
626
671
823
751
1078
644
704
654
623
770
615
629
795
635
639
668
642
649
700
649
629
674
653
665
694
645
632
707
876
623
742
626
647
722
713
635
729
634
630
716
636
644
692
644
640
716
633
626
727
619
642
741
626
632
681
25487
718
823
650
738
640
657
659
626
632
804
637
654
661
628
638
701
623
626
807
619
653
682
615
628
734
618
621
695
642
677
710
622
623
765
618
627
698
631
627
716
654
626
748
627
630
747
672
679
734
626
621
729
643
805
710
639
662
693
619
630
684
621
622
748
624
676
706
617
619
725
639
657
869
753
619
844
662
690
686
649
681
837
717
713
651
624
744
794
623
717
703
680
755
675
625
716
635
653
728
25779
658
645
673
670
650
670
687
634
657
754
625
659
655
643
713
740
627
650
678
675
689
635
632
807
660
658
691
647
636
685
641
634
657
708
707
847
720
666
841
640
633
715
633
630
688
643
688
757
697
688
712
639
620
698
629
626
780
620
629
720
676
631
821
643
625
688
717
655
713
658
690
651
635
676
698
638
642
694
635
629
730
644
628
697
638
650
734
656
638
728
636
626
718
630
631
704
649
635
815
27275
787
670
695
829
669
644
789
748
632
721
643
673
785
659
671
788
646
713
686
666
688
668
648
815
664
646
715
654
641
734
655
653
742
654
644
785
644
647
712
648
650
719
631
653
761
656
672
831
637
660
669
633
868
687
646
724
639
637
724
702
655
726
660
639
850
644
637
771
648
652
708
751
649
766
635
670
761
641
660
693
686
663
691
639
657
771
637
690
672
681
680
669
646
706
719
631
738
656
654
26759
665
663
739
648
636
678
655
641
686
683
634
712
669
630
666
800
632
669
685
645
734
661
645
710
664
676
706
646
635
732
642
646
704
662
639
720
659
648
677
652
651
679
642
648
670
733
657
727
660
681
709
897
648
730
645
643
710
636
643
696
678
674
763
636
670
696
645
692
684
724
776
702
637
708
670
650
707
645
659
746
776
654
757
745
665
793
663
649
658
658
649
764
668
677
675
643
730
663
640
24612
744
671
642
670
644
624
679
628
625
763
634
632
767
629
638
724
729
627
738
635
648
812
797
665
678
626
694
649
636
703
684
627
708
822
662
803
627
644
720
640
642
707
661
636
669
631
642
691
666
651
725
632
635
684
954
649
677
639
655
663
643
643
669
666
630
744
638
633
720
643
638
714
632
663
790
638
655
702
628
640
696
640
742
677
655
635
659
639
638
661
620
635
696
680
634
741
656
633
853
24872
684
662
680
696
698
631
667
629
647
668
638
641
658
633
686
636
682
624
640
648
715
639
703
637
621
698
619
791
632
629
611
687
650
661
678
626
620
668
639
627
696
623
617
675
663
621
659
621
645
676
633
609
677
624
644
655
635
634
646
635
620
620
707
637
627
680
633
618
691
631
615
733
622
615
677
628
644
687
670
710
747
909
629
671
632
617
691
634
616
676
614
612
848
631
628
687
648
626
645
26317
664
778
653
660
673
646
633
647
651
648
759
651
727
696
642
678
665
665
633
661
738
715
841
695
708
889
648
642
752
674
668
745
629
638
704
678
703
702
641
645
787
640
661
663
641
646
681
681
689
679
646
673
642
643
726
737
659
682
643
631
652
662
632
635
722
686
679
745
640
663
660
631
656
676
628
636
732
642
644
703
678
827
648
633
683
646
639
682
678
638
692
678
639
660
765
847
671
675
644
13413
773
694
706
637
711
665
667
727
671
645
759
697
641
746
667
643
726
665
657
697
662
641
741
645
643
729
644
665
700
646
644
816
643
640
768
631
646
714
685
678
793
640
680
738
653
695
657
641
759
647
639
694
650
624
685
642
634
682
663
701
735
653
688
715
784
652
710
707
647
723
645
666
721
650
633
745
669
641
739
629
660
770
639
662
719
673
649
712
675
663
669
691
681
654
646
662
751
642
663
25894
762
652
660
707
643
649
811
690
651
742
650
669
703
662
672
687
672
698
665
644
688
650
720
721
658
641
689
688
658
740
646
873
743
652
657
703
640
647
739
642
654
682
654
649
798
653
649
688
644
645
714
645
646
723
645
652
694
637
661
702
633
639
702
651
677
707
638
715
690
642
654
700
633
651
736
687
659
699
652
662
666
641
648
688
676
665
694
648
652
665
658
655
665
646
659
715
749
754
654
27413
647
668
657
629
641
633
664
649
622
695
650
692
683
649
622
702
635
638
673
646
641
661
641
647
664
625
642
672
644
630
744
690
628
689
637
615
678
692
620
674
643
654
664
641
632
661
643
626
657
636
629
626
722
630
622
685
714
636
665
645
655
664
644
642
661
627
631
673
643
635
723
634
634
764
637
629
657
628
648
675
638
621
668
647
631
678
625
633
696
646
663
662
685
690
660
632
626
649
648
26068
668
630
637
619
625
691
619
619
713
644
636
650
630
616
671
627
727
638
624
620
659
636
620
679
628
616
640
639
648
620
666
629
659
779
612
676
653
618
612
680
631
838
839
625
701
633
619
637
628
657
678
719
760
779
960
752
693
628
629
703
645
634
681
632
622
726
733
659
711
625
639
728
615
633
753
623
626
737
616
622
675
616
639
683
618
631
698
641
630
691
636
616
670
647
623
682
660
625
644
25616
782
651
632
681
652
641
717
659
731
764
649
650
686
645
697
751
650
628
676
646
649
808
741
715
732
645
667
692
659
730
752
653
691
654
627
682
673
703
729
668
647
792
655
632
712
644
652
762
668
630
810
639
657
710
631
642
718
674
661
777
642
631
795
637
628
774
678
664
703
692
662
683
640
658
666
634
661
701
677
666
851
634
725
656
629
706
742
714
785
648
644
823
636
781
727
637
690
788
645
25900
648
771
627
636
732
631
629
723
637
650
754
668
674
738
634
659
781
639
657
765
685
672
666
638
704
669
662
710
690
660
749
647
628
690
643
650
691
646
648
729
655
639
734
634
637
729
658
637
720
682
639
716
645
619
748
644
649
756
636
634
732
634
635
713
636
616
685
643
636
722
652
669
689
652
625
690
636
637
688
719
659
790
753
643
717
636
715
787
635
640
770
640
629
786
699
703
679
638
678
25495
659
679
615
647
655
614
671
715
629
613
660
636
637
698
613
620
699
619
618
712
623
631
691
643
618
670
646
629
683
634
677
665
640
628
655
620
628
617
695
619
611
673
622
688
854
643
674
650
617
633
654
630
653
650
621
632
673
621
626
682
627
614
653
635
629
684
640
617
669
627
653
647
646
623
671
649
627
643
696
645
626
704
626
625
690
629
631
736
660
631
646
619
626
680
644
640
699
625
635
25979
680
638
624
666
664
635
680
625
665
682
648
631
631
662
639
644
692
626
641
733
633
656
779
627
699
674
661
639
648
636
630
667
638
633
687
644
635
661
631
623
723
647
633
657
640
635
663
686
628
729
715
635
743
641
663
759
636
642
709
673
643
660
630
622
673
651
634
683
677
630
669
639
639
681
636
637
676
633
637
668
638
630
660
632
631
700
665
626
694
670
628
625
665
632
641
691
648
636
701
25575
713
641
655
656
654
662
674
648
643
731
638
641
682
637
648
684
724
635
681
641
653
699
694
819
662
656
669
645
646
661
652
647
659
654
651
641
667
692
636
675
663
645
727
638
647
700
635
656
688
642
655
697
637
704
692
701
635
714
644
659
699
696
656
656
645
654
699
658
646
667
642
645
743
642
639
678
644
661
710
638
635
698
653
659
694
660
644
822
646
659
718
635
666
642
646
652
716
652
682
25984
706
620
636
780
631
650
670
626
641
669
622
634
670
652
644
641
632
641
669
631
625
671
637
637
665
680
625
637
651
623
638
655
628
627
724
626
637
683
613
633
676
642
735
770
619
628
682
635
631
701
641
627
767
632
632
660
658
624
667
629
649
689
633
616
672
649
649
676
633
635
659
641
618
621
657
618
618
685
640
730
647
634
657
675
622
626
663
635
614
647
618
624
642
636
617
719
746
819
624
26277
763
690
698
680
668
818
650
648
682
664
686
844
649
666
814
678
642
710
695
671
689
639
655
738
656
769
659
632
675
672
643
677
687
644
679
662
636
657
685
642
648
675
637
662
706
670
669
771
645
671
688
646
672
674
639
693
690
643
680
674
649
680
649
648
798
659
644
720
671
646
676
719
657
758
651
648
745
660
645
705
651
657
693
827
642
716
672
644
740
639
651
684
649
640
690
653
642
713
642
24550
657
633
619
659
629
634
603
685
615
610
696
634
618
661
610
625
701
642
626
684
670
617
701
647
611
650
618
631
656
625
614
610
698
637
612
675
639
614
653
628
608
691
633
616
643
613
607
700
616
643
647
635
605
629
654
602
612
672
605
641
677
629
600
673
614
610
678
608
634
660
620
625
704
647
620
604
695
615
611
668
619
602
695
1059
678
641
611
621
668
623
610
701
631
622
670
602
636
646
632
26128
669
670
664
649
683
663
651
682
650
669
698
674
659
804
641
658
691
641
640
695
661
650
676
647
636
708
649
684
804
668
681
673
650
671
682
658
638
702
637
634
749
653
764
691
799
693
652
666
729
672
693
664
648
646
737
650
639
711
655
665
695
652
637
672
647
637
708
661
650
737
684
679
746
636
641
670
646
671
691
652
646
718
653
635
707
722
659
697
665
652
675
657
663
677
648
639
680
663
736
25752
727
684
639
683
650
649
687
652
648
720
661
659
660
670
638
663
665
657
674
707
659
706
651
647
685
657
642
667
653
654
731
646
645
782
650
686
665
644
649
687
658
691
724
741
646
723
650
645
695
644
659
702
646
649
817
702
672
709
637
647
825
647
673
685
651
648
686
638
665
729
640
663
705
646
643
702
636
667
698
651
673
692
633
665
701
644
654
691
681
689
701
653
668
695
674
740
658
643
695
26089
728
684
699
654
633
26143
777
656
669
687
651
657
717
821
638
686
650
646
710
646
644
718
660
652
724
655
640
700
655
644
728
649
643
698
648
654
702
691
677
716
635
638
700
647
682
818
734
648
706
635
746
741
636
660
698
642
752
747
653
667
689
632
703
658
640
810
652
636
702
644
675
686
649
634
709
648
641
706
638
665
734
681
668
753
691
643
901
652
638
745
644
662
750
658
655
811
666
645
860
26277
700
778
681
643
730
650
650
723
654
631
754
638
643
691
682
668
736
637
645
865
643
668
707
628
672
682
651
674
701
649
668
684
635
658
668
639
715
668
630
727
681
648
687
827
794
812
709
705
848
663
709
698
650
671
657
647
655
783
634
689
753
669
728
643
631
681
661
652
694
648
672
722
652
641
681
652
631
687
712
647
699
659
641
797
666
633
720
649
653
683
667
653
718
666
645
727
640
634
723
26356
646
801
638
628
664
684
807
715
749
626
718
657
624
765
645
628
733
647
631
766
641
628
794
641
629
779
654
625
718
643
625
731
640
628
794
630
680
704
643
630
700
635
669
762
637
634
711
641
627
694
636
633
700
629
635
708
638
801
673
631
782
712
632
658
718
636
698
656
625
772
644
638
676
681
663
712
646
655
686
639
660
691
678
626
679
647
639
673
832
645
730
654
674
816
639
643
777
639
637
25906
726
634
629
692
668
645
737
652
629
715
647
624
724
648
654
713
627
632
703
653
626
708
640
644
706
711
668
732
627
635
680
664
663
704
686
638
756
641
639
775
626
636
728
659
666
691
667
627
706
673
624
669
655
620
758
634
648
669
630
626
739
645
634
697
638
625
738
654
670
713
639
640
722
637
635
752
693
638
689
641
628
669
631
624
684
634
628
709
649
633
690
651
632
713
637
626
659
636
645
643
661
636
1056
675
660
705
652
642
719
650
631
710
636
625
679
797
654
707
636
644
733
642
629
743
638
687
691
644
632
697
635
684
677
624
620
725
640
630
694
664
623
743
637
627
706
650
626
751
632
687
673
638
630
749
841
631
775
649
667
665
630
635
726
629
626
728
647
637
740
717
645
669
631
630
752
655
677
752
638
723
628
633
656
667
625
636
664
674
639
693
666
630
711
629
679
694
637
622
800
25621
660
618
651
742
641
695
633
608
655
670
620
614
749
613
627
744
615
657
707
629
625
652
622
616
700
616
614
695
652
613
671
633
640
682
638
628
678
632
622
656
632
621
645
660
627
643
664
635
658
657
651
681
707
614
620
694
617
634
735
615
609
686
617
665
772
875
619
727
643
634
688
648
618
619
675
639
621
718
609
630
809
623
621
668
655
633
671
635
655
750
609
743
763
804
658
620
658
662
759
25931
733
655
737
657
645
739
646
677
817
652
747
673
640
737
695
659
740
662
654
776
703
641
751
648
659
771
645
679
753
644
677
709
642
686
685
669
686
691
646
690
689
645
689
688
650
711
658
651
709
683
697
742
665
652
706
652
656
770
653
669
717
681
709
819
674
739
727
651
679
761
743
761
688
653
742
661
653
776
672
655
758
648
651
771
670
641
712
656
730
744
653
704
666
688
715
655
654
734
674
25616
698
634
767
647
697
729
651
645
758
688
646
741
638
647
727
654
651
701
651
658
701
639
640
710
652
667
694
638
656
749
626
660
722
631
665
717
668
741
682
673
707
631
633
656
695
644
706
666
645
704
645
644
722
659
649
666
655
691
757
778
642
716
650
628
728
665
758
764
653
651
688
647
645
778
642
638
740
871
847
643
637
715
645
636
699
646
633
715
653
629
687
676
646
713
652
642
713
649
723
25845
657
609
605
599
681
601
603
626
597
609
673
617
605
649
618
611
755
609
612
626
619
719
602
737
608
618
691
608
651
754
604
613
637
636
602
642
624
590
648
612
618
640
628
607
599
688
607
638
661
608
607
684
605
617
693
592
604
679
601
603
627
648
605
599
694
601
604
658
620
596
676
616
606
691
696
604
619
612
617
608
638
598
622
665
588
606
675
612
605
669
605
637
646
638
621
598
636
599
611
31132
669
701
674
670
702
931
770
764
644
743
649
651
687
672
802
788
662
668
681
645
651
758
683
661
719
692
848
765
785
710
656
630
679
684
632
661
684
640
676
653
647
674
651
640
660
691
664
670
661
641
660
649
630
640
688
674
643
740
640
649
689
671
650
651
644
637
727
662
680
658
642
630
668
651
657
670
638
647
670
641
644
704
625
637
676
655
759
669
647
647
671
642
629
677
647
646
670
665
631
25823
624
679
653
648
673
634
687
653
639
629
672
648
636
689
717
660
706
640
650
686
641
628
672
640
632
671
622
827
704
645
629
676
794
655
659
644
641
678
647
643
689
692
768
771
631
642
721
666
643
706
625
655
719
625
626
666
633
645
663
630
641
705
669
657
690
636
624
662
647
631
685
644
652
722
743
682
786
641
636
711
673
661
660
636
642
662
677
653
728
661
643
681
650
642
739
630
641
654
638
26255
665
680
643
632
817
635
632
735
673
651
675
657
678
791
628
632
752
631
633
713
631
663
688
635
633
678
644
642
730
630
635
754
632
644
703
653
652
700
631
653
760
690
713
746
632
632
737
652
641
666
635
651
713
707
654
665
664
684
758
639
665
661
642
671
657
635
653
711
645
702
663
650
692
774
641
677
647
667
685
634
627
661
687
644
670
690
674
722
717
676
701
636
636
826
648
648
664
697
653
26014
700
642
658
733
658
647
700
647
656
701
639
641
703
652
645
703
648
633
678
640
650
661
692
639
686
663
687
669
748
692
684
642
638
744
656
651
662
638
641
687
656
714
714
652
648
690
669
656
671
688
652
666
640
657
666
645
653
714
639
647
668
647
638
672
633
775
688
676
680
672
656
633
713
644
637
759
659
654
694
658
637
671
669
642
684
662
654
708
737
644
706
638
629
689
669
632
667
656
657
26157
667
660
636
672
648
642
653
631
625
664
665
659
718
644
663
665
646
635
662
679
629
651
664
630
678
644
621
633
664
724
622
673
624
620
688
649
620
667
765
625
717
630
646
694
633
669
691
639
631
687
631
632
698
642
625
742
655
627
682
654
619
680
641
622
670
652
653
709
629
629
692
636
622
689
634
618
775
644
648
692
629
634
729
641
670
672
636
638
657
670
619
631
781
627
678
659
638
659
831
25729
672
737
709
669
642
724
637
657
725
688
661
720
644
647
683
652
637
725
647
633
811
634
679
649
637
651
722
643
694
676
657
681
655
637
640
736
637
667
668
644
658
707
634
669
690
647
703
675
642
660
696
654
669
692
675
671
653
663
742
639
650
683
691
641
721
743
655
712
648
644
687
661
681
693
649
650
714
670
644
683
656
657
763
684
636
711
702
675
783
741
678
827
781
747
668
644
730
691
691
25467
779
698
652
636
681
662
671
779
823
645
689
625
646
727
647
640
690
654
661
759
624
638
718
633
633
703
680
868
705
629
663
691
630
656
679
653
657
663
634
630
797
628
676
733
634
666
651
633
658
673
635
626
727
740
786
707
664
838
654
692
696
688
635
739
659
635
723
664
677
809
643
638
709
628
620
729
634
637
687
689
637
695
835
691
677
632
644
693
633
698
662
637
640
719
648
668
685
632
643
25747
703
635
652
687
635
648
714
647
848
763
647
650
706
649
633
728
629
625
675
651
673
777
671
887
898
627
855
653
640
690
645
732
750
637
630
733
759
633
715
630
628
791
627
633
691
646
711
685
646
633
697
627
677
700
629
636
735
650
690
688
627
641
765
634
667
701
646
721
980
633
682
670
629
695
637
626
712
737
630
699
653
700
691
642
634
690
681
650
690
651
653
696
671
633
668
640
625
693
642
25415
669
635
711
646
652
674
655
655
725
659
639
697
655
649
690
679
637
737
656
660
679
847
646
679
646
664
671
641
653
680
651
636
696
669
639
691
659
666
690
737
648
671
649
646
679
678
651
696
645
647
694
664
644
703
694
651
683
665
719
693
650
643
690
649
638
690
663
709
691
640
650
689
667
653
729
651
690
784
636
656
660
639
654
698
732
714
670
650
690
649
642
667
690
756
689
687
647
686
682
25044
704
614
657
678
639
649
699
640
622
689
627
686
687
638
624
664
679
628
698
628
628
671
627
617
669
692
644
677
645
653
683
658
632
666
645
627
625
739
641
655
640
635
623
743
625
656
681
644
636
727
634
623
678
622
629
656
693
617
676
659
621
708
649
618
668
640
618
656
646
631
669
638
647
674
648
646
715
726
630
672
662
617
666
635
627
651
629
626
622
744
633
649
797
632
649
669
626
631
805
24041
687
728
629
625
629
660
617
622
730
634
623
664
636
613
700
612
623
644
639
624
711
644
624
732
627
612
699
641
628
684
619
646
651
711
633
682
630
614
649
740
629
635
688
623
626
767
620
640
667
618
799
661
621
652
633
636
681
796
613
637
642
640
623
771
619
617
750
616
629
723
631
634
696
625
630
677
695
629
803
699
696
819
625
658
715
626
640
678
612
620
888
672
686
656
626
714
712
701
692
27073
658
693
641
639
704
692
634
670
655
640
702
640
634
679
643
856
834
619
638
699
646
667
823
644
662
699
626
666
667
626
652
670
632
635
820
641
673
666
631
652
645
636
652
793
732
776
633
636
716
675
676
701
649
639
693
723
634
706
655
642
661
642
642
673
654
765
915
636
728
683
644
643
754
635
634
736
624
628
692
639
636
736
632
640
768
644
633
733
696
639
692
640
643
707
641
770
680
640
649
26169
716
651
660
714
635
651
655
643
669
821
709
698
641
664
705
653
640
686
656
637
717
650
638
680
691
681
791
645
640
660
641
646
719
641
646
674
642
634
664
700
633
687
642
645
759
663
627
689
662
633
659
650
677
677
673
655
731
695
637
670
641
645
664
655
664
652
672
643
658
652
638
676
747
664
668
680
661
652
676
627
656
662
638
624
706
646
633
727
644
670
666
623
638
713
631
674
709
647
647
741
641
824
647
694
699
741
640
676
669
654
691
658
642
701
659
632
659
687
664
707
649
647
697
649
646
819
646
641
677
654
634
702
658
721
683
651
643
666
660
664
694
667
642
772
642
634
701
749
646
664
653
683
812
639
631
697
627
636
670
648
651
674
651
647
722
655
646
692
637
637
677
688
635
669
641
644
686
630
652
685
643
658
667
641
654
721
661
634
821
636
646
670
672
635
667
660
630
677
648
25716
685
644
658
636
632
664
633
648
701
658
621
753
661
641
679
632
640
663
657
658
674
630
643
682
662
636
654
689
643
702
663
719
666
642
637
689
641
646
686
644
648
684
650
643
653
649
1046
664
631
643
689
672
629
667
653
637
666
637
897
698
649
643
676
632
640
833
680
650
691
677
661
673
642
708
658
637
640
667
627
673
691
662
635
659
635
798
669
646
656
659
646
647
701
654
651
707
643
661
678
25882
676
634
760
714
851
760
635
633
873
641
715
894
656
724
641
817
763
651
643
699
643
671
722
640
644
699
653
659
750
645
653
780
640
664
710
645
655
669
635
719
722
636
660
672
652
700
656
646
714
668
636
681
774
665
690
646
632
745
651
662
844
688
705
771
694
638
815
642
656
761
680
679
825
711
704
637
688
733
679
667
707
653
655
762
651
640
734
634
653
749
649
632
739
641
638
809
659
645
824
26226
648
710
769
660
718
656
670
770
638
636
730
652
647
715
700
633
752
711
628
700
639
674
775
669
644
831
840
779
642
651
709
694
776
834
657
668
840
641
649
721
631
646
697
651
692
696
638
661
670
644
653
750
641
661
841
628
710
658
639
726
653
638
747
721
674
723
642
642
750
651
646
744
648
645
727
649
633
703
651
649
754
661
635
765
657
631
834
645
658
719
639
679
786
645
721
782
631
706
663
25922
667
723
677
627
642
642
707
719
642
660
707
673
623
661
654
906
781
629
627
684
659
630
792
631
638
710
665
633
773
684
645
684
670
670
788
630
623
788
751
666
678
632
665
797
627
715
687
634
676
658
644
729
661
672
723
654
626
665
646
637
697
863
726
810
719
650
755
669
675
767
667
699
671
640
696
632
701
696
641
888
804
672
652
735
720
665
691
640
656
679
654
645
791
646
742
677
630
755
648
25935
671
679
774
653
720
689
773
752
773
751
857
683
700
654
682
708
715
633
719
658
679
791
663
654
735
662
644
771
637
633
692
650
688
699
645
632
750
676
646
830
627
688
702
629
654
711
637
651
709
640
661
703
644
646
687
645
639
720
639
652
714
639
636
842
634
743
671
627
686
692
627
640
793
643
671
657
626
638
740
712
687
658
666
675
668
637
700
654
678
683
658
633
680
657
649
666
657
645
657
25892
745
653
640
707
660
660
711
649
643
804
688
628
786
706
729
711
655
732
638
658
702
641
645
685
657
657
682
665
647
683
651
633
670
653
649
678
690
640
656
690
641
653
677
646
657
698
646
655
701
669
672
682
636
647
681
642
680
798
634
700
667
649
739
691
631
694
676
645
706
656
638
686
661
640
679
644
654
690
647
681
689
694
637
684
685
648
700
668
635
710
667
633
716
734
647
725
723
644
700
25529
723
634
611
651
635
628
733
648
621
664
636
631
713
626
619
638
628
616
740
620
620
677
629
618
630
664
627
622
814
620
624
704
621
634
711
639
637
659
625
741
736
624
614
707
612
612
650
632
648
810
605
622
660
626
672
725
633
611
735
640
631
700
637
612
740
613
626
673
676
621
680
635
685
654
644
640
619
651
634
659
753
642
630
699
628
632
738
654
670
635
623
644
645
664
624
701
611
628
692
25627
702
670
666
727
774
690
658
637
690
644
640
737
651
735
887
839
624
696
656
634
732
728
786
882
662
708
814
626
695
647
638
735
830
637
747
636
640
785
645
644
738
635
635
794
650
677
850
639
719
695
625
709
717
649
714
662
636
723
662
638
816
672
725
829
649
651
757
624
633
766
653
677
775
738
733
662
636
715
682
637
751
653
649
756
644
643
736
640
684
776
630
702
707
633
665
703
759
649
772
26526
668
759
650
635
751
644
646
714
662
665
768
703
675
814
696
844
720
663
742
704
739
777
642
671
770
655
751
697
684
739
684
658
758
648
641
739
673
649
798
675
653
781
671
648
783
646
686
691
659
669
748
640
672
712
640
698
699
660
673
688
654
693
746
641
723
656
655
724
686
673
728
686
657
703
669
661
795
655
655
794
664
660
737
643
671
751
648
704
698
661
795
708
646
742
659
642
815
652
651
25787
662
656
636
649
725
639
682
659
624
673
678
636
626
672
621
641
694
629
636
721
634
626
723
638
631
700
667
641
815
638
633
804
632
675
691
657
648
660
824
722
694
640
753
648
638
727
660
623
679
656
628
845
644
632
716
656
652
663
634
636
730
643
635
692
640
633
721
646
642
664
636
639
690
683
638
825
683
634
704
633
632
694
663
636
696
638
666
690
649
626
682
656
644
732
637
629
691
638
645
25628
673
742
628
631
683
637
669
690
641
631
709
635
647
685
642
652
713
643
642
720
636
625
708
642
645
687
647
645
722
657
633
673
641
638
667
647
672
707
670
644
748
641
652
703
655
624
697
674
645
662
637
649
720
692
625
657
659
653
687
642
665
811
636
625
648
645
649
700
657
632
687
628
642
679
643
643
659
657
677
678
656
643
701
652
633
843
711
647
668
642
648
654
636
638
683
676
626
688
675
25964
682
706
841
674
835
703
739
766
735
700
744
673
744
683
744
729
920
721
827
680
754
917
656
698
740
639
846
672
681
717
660
667
709
687
643
695
651
639
708
658
657
726
670
684
722
668
674
695
659
778
730
651
699
849
654
713
714
777
790
715
702
821
656
752
748
679
670
707
677
674
750
677
745
646
650
690
676
652
764
661
659
715
812
658
695
661
667
786
644
655
698
650
653
709
660
646
742
646
665
26687
790
659
682
642
655
668
676
642
770
675
720
706
649
651
713
639
655
798
644
714
648
664
696
729
688
748
706
669
704
670
670
675
661
639
689
660
699
749
640
665
696
662
643
680
648
643
704
672
650
692
687
639
688
709
813
752
742
682
712
657
664
679
650
666
684
651
712
742
666
700
687
680
697
651
647
714
727
643
734
653
652
705
664
630
698
663
654
763
648
651
703
711
673
723
651
648
754
647
647
26369
921
652
867
685
761
791
783
719
683
930
799
676
617
754
649
669
776
639
639
671
697
680
739
652
650
725
641
683
651
621
699
823
659
691
656
624
721
651
645
647
707
641
703
661
618
679
692
709
658
674
652
658
674
615
653
721
638
625
742
628
768
677
710
659
773
635
667
1013
630
680
664
699
707
616
690
751
630
641
713
615
645
709
663
637
694
637
815
886
641
764
692
658
747
641
628
720
632
615
676
25974
794
704
695
673
669
694
712
636
720
747
815
739
675
624
708
656
655
773
647
669
685
701
665
698
641
694
692
631
715
647
689
664
654
646
683
672
746
734
687
661
756
676
653
701
644
674
678
665
637
787
650
639
696
668
650
735
683
697
753
644
638
726
646
689
812
641
723
713
678
697
678
682
854
702
620
702
636
650
756
639
657
722
734
680
738
629
655
732
650
662
714
628
630
786
651
635
721
698
650
26294
667
661
738
647
659
690
786
640
696
790
663
736
652
674
707
664
636
701
647
726
727
716
712
741
657
652
791
645
691
649
745
900
689
653
716
658
721
708
676
649
695
672
646
759
674
694
729
663
672
645
644
640
723
648
800
694
864
702
670
627
700
656
646
683
656
896
678
645
638
702
654
741
665
651
646
784
665
676
697
678
699
637
726
708
678
651
693
659
658
708
664
696
710
673
646
716
648
670
719
26095
708
610
726
648
705
673
643
634
737
635
628
731
649
632
660
641
629
700
636
633
733
622
626
706
631
634
744
635
683
667
643
832
789
654
660
789
642
651
664
695
657
675
641
612
706
629
628
718
629
669
723
655
640
689
641
631
704
649
636
718
640
657
659
634
660
670
636
667
694
643
645
717
663
626
704
623
695
765
649
646
725
649
641
787
698
770
706
681
657
737
652
649
668
685
644
644
633
644
716
25613
681
660
706
684
643
713
678
679
734
773
650
692
666
640
738
642
654
787
635
690
829
665
708
713
653
693
683
720
737
671
693
680
658
716
828
719
782
753
716
813
692
750
717
726
655
868
673
799
967
842
754
777
653
775
655
651
707
666
648
753
665
661
756
656
683
724
682
648
740
643
660
782
701
732
648
666
710
686
647
785
697
676
720
655
654
801
715
661
751
661
712
743
683
643
714
675
895
655
707
24620
696
641
682
657
659
754
703
757
750
664
649
705
639
803
737
697
642
785
690
731
710
641
726
656
653
750
660
694
731
669
657
759
672
659
745
665
661
735
647
656
694
669
654
707
701
658
730
641
647
707
681
638
772
643
664
715
817
739
656
669
693
778
640
751
670
697
671
661
650
665
667
633
719
837
652
724
656
636
693
652
633
714
949
713
662
639
698
677
647
768
648
645
738
679
653
744
752
848
678
26150
680
649
723
645
656
657
638
667
689
651
680
693
628
640
729
646
630
740
637
25340
680
631
669
640
649
755
703
765
709
650
682
699
641
636
730
634
745
734
680
678
756
660
690
655
635
690
631
693
788
662
643
687
669
837
684
675
657
725
656
653
688
644
658
732
696
657
682
673
696
833
638
669
663
640
633
692
665
634
716
645
650
725
651
643
719
659
642
696
643
651
850
646
686
642
682
715
682
640
749
26041
835
649
699
668
674
723
639
698
692
662
651
667
657
651
671
651
650
698
693
698
707
653
657
686
651
663
699
701
685
736
638
657
721
661
646
706
652
648
737
661
654
697
656
644
687
651
641
729
653
681
690
657
641
674
674
663
796
648
696
727
637
634
687
640
655
694
643
649
780
884
684
689
647
706
691
636
635
788
716
673
765
653
689
647
656
680
665
652
721
653
647
708
647
654
675
740
678
726
729
26063
663
715
713
640
687
663
647
687
660
636
774
657
658
811
662
665
670
666
644
741
726
665
736
710
665
668
666
666
661
657
923
659
661
691
657
656
699
639
647
769
644
684
747
661
669
687
653
677
710
638
643
711
667
650
683
636
653
683
648
654
678
675
653
820
658
660
751
663
644
691
668
905
658
646
716
645
642
712
640
646
688
649
682
738
631
653
675
716
640
748
650
636
681
644
669
676
691
652
766
26802
649
710
671
639
733
675
669
776
736
832
767
643
680
802
674
738
759
689
816
745
669
771
663
672
744
675
657
792
675
911
672
769
886
662
743
689
650
690
766
666
718
669
650
803
665
656
707
661
706
760
670
647
710
654
649
733
664
647
747
651
800
674
648
711
662
675
704
726
664
727
644
631
723
664
692
691
665
665
798
653
645
702
639
654
688
680
680
795
648
654
777
666
678
728
653
670
680
647
695
26172
767
728
723
713
728
802
686
675
734
677
676
770
675
674
840
711
733
665
648
758
665
875
783
654
662
771
675
822
670
657
723
715
678
812
671
653
821
647
652
706
690
659
735
663
666
746
666
674
716
657
689
695
649
713
683
695
749
692
658
759
682
674
737
668
659
860
666
752
770
649
723
712
666
730
678
660
805
669
655
789
678
727
860
785
741
767
664
744
688
666
769
732
740
829
650
755
708
671
775
26773
694
705
641
642
669
701
721
684
647
651
698
647
661
684
651
642
701
643
711
694
647
649
687
639
628
694
647
679
677
640
646
741
677
683
792
684
707
693
708
655
661
650
658
769
681
701
698
660
695
659
641
707
645
649
700
666
674
686
664
699
700
657
723
679
669
648
696
654
638
792
653
652
709
652
638
673
673
664
709
638
656
690
677
657
700
656
667
679
653
660
690
654
645
692
640
661
737
648
654
26188
789
709
659
706
652
638
730
630
657
769
666
643
711
735
671
715
638
631
714
649
661
693
647
649
706
632
655
738
646
653
694
659
638
693
629
637
731
629
644
701
637
629
675
696
626
672
636
641
669
727
673
675
693
671
689
634
641
704
837
633
677
651
776
641
642
642
694
679
642
677
640
636
692
637
633
716
642
642
792
637
639
693
673
643
675
647
631
715
633
646
692
629
629
667
634
665
691
644
713
25881
768
680
634
790
647
656
735
664
640
681
683
636
739
644
673
643
643
660
688
657
721
895
638
687
701
706
638
693
676
653
679
642
658
687
649
641
690
694
639
685
651
657
668
1080
688
651
634
680
639
643
653
654
653
655
711
669
762
683
725
697
664
636
697
655
644
695
688
672
695
663
725
762
667
671
693
636
637
695
670
641
671
640
685
678
635
668
668
655
836
717
633
682
775
789
633
698
653
665
787
26104
663
617
681
659
697
712
704
628
696
645
630
697
800
653
660
662
638
693
632
625
695
666
868
762
678
689
673
649
720
629
622
754
688
735
713
728
664
676
673
634
709
653
644
717
662
672
719
655
714
766
642
636
675
638
634
720
680
645
674
643
632
731
635
632
715
643
654
702
664
636
737
654
631
751
621
652
717
640
679
755
628
626
713
623
643
673
663
630
664
640
634
751
649
690
752
636
627
712
642
25917
688
702
659
699
750
665
653
750
661
664
694
666
654
742
669
657
717
721
660
730
641
652
780
658
664
837
657
692
655
648
716
693
693
678
665
674
737
692
663
793
645
654
676
668
655
736
669
649
788
851
714
700
663
695
679
646
728
720
670
711
655
652
722
837
642
754
668
667
687
718
651
728
651
649
688
653
669
812
779
715
674
645
699
649
641
683
857
643
736
701
655
744
686
720
857
680
688
743
664
26019
878
865
628
713
762
654
682
652
656
707
659
625
703
668
656
714
674
647
691
661
634
704
647
657
714
650
750
701
651
700
683
643
668
668
645
648
785
671
680
680
647
699
647
696
779
652
651
684
663
637
677
660
658
660
667
655
695
796
685
753
738
643
700
695
703
722
682
656
669
717
978
806
661
707
701
667
783
685
640
788
648
665
693
638
666
800
662
650
756
691
732
664
706
712
742
655
707
650
656
26314
846
670
648
728
674
696
684
729
670
664
647
673
708
656
681
656
706
692
695
711
742
707
683
758
696
695
739
667
651
707
645
671
704
769
667
675
656
677
711
638
683
750
655
689
654
657
695
662
662
714
653
666
686
697
659
696
663
696
710
655
651
679
663
645
702
658
643
692
668
660
712
651
651
685
672
653
709
670
672
726
681
637
683
670
665
743
657
653
708
672
641
782
672
661
817
703
653
695
660
25899
667
676
660
644
696
657
650
684
649
675
691
647
744
723
647
650
713
640
640
690
649
755
824
654
691
652
649
652
692
656
671
668
652
681
711
660
684
657
646
676
665
636
704
687
652
680
648
642
661
717
632
743
650
708
684
674
649
737
665
779
749
653
647
692
672
709
850
675
676
773
672
644
696
659
648
745
658
659
707
651
638
768
642
697
705
641
657
697
645
708
655
641
701
709
671
792
659
739
700
26305
634
634
679
634
627
761
683
648
667
624
654
664
637
636
680
635
622
726
629
651
684
650
652
667
631
626
683
642
802
708
639
629
683
669
626
675
625
634
704
703
620
678
629
623
808
765
648
672
702
665
722
718
674
794
640
800
714
630
698
726
623
710
699
658
712
663
779
703
717
626
698
689
693
727
712
698
729
638
649
718
653
635
715
624
649
817
642
686
733
731
630
690
638
623
735
631
621
707
641
26472
713
670
644
700
666
650
746
673
637
693
662
647
711
689
649
787
777
681
806
676
672
717
681
657
807
662
845
670
653
736
688
644
789
661
647
789
673
638
755
641
646
830
645
696
720
667
690
704
670
715
662
646
719
639
669
711
665
745
704
643
753
689
693
643
725
651
644
754
671
638
699
640
700
745
652
649
728
632
708
657
650
640
753
650
665
683
646
660
673
740
694
713
658
690
665
634
676
653
829
25437
640
678
720
629
696
834
636
700
679
632
719
705
637
750
681
624
716
627
626
702
631
646
731
685
660
708
632
688
707
633
641
722
652
635
716
642
636
736
622
640
716
674
640
682
638
713
754
626
655
836
638
619
686
664
662
686
642
614
681
696
726
699
638
649
752
649
619
683
623
625
767
635
631
728
672
624
696
635
629
686
676
654
694
692
633
796
639
671
792
642
638
686
651
622
726
642
629
705
667
26385
678
805
649
657
727
650
671
704
651
922
674
735
731
670
918
710
635
674
710
688
669
683
730
694
722
655
681
669
664
811
726
667
720
672
647
741
674
654
1064
779
893
759
663
763
668
644
737
695
675
843
710
809
659
696
760
678
678
735
643
654
759
694
686
765
644
755
687
711
711
665
685
764
688
651
731
700
669
731
644
672
705
731
648
778
652
676
760
656
686
710
658
728
846
651
765
687
643
812
656
25862
668
765
794
667
754
672
631
743
654
649
741
647
659
838
700
763
646
671
715
679
651
684
633
633
743
683
709
759
670
657
730
673
634
780
649
922
680
643
670
721
634
685
698
845
875
726
629
730
634
690
806
675
695
713
658
723
803
649
708
668
670
686
709
632
743
669
640
710
667
663
715
831
647
700
644
704
727
648
657
813
633
672
687
658
731
633
639
777
662
630
679
652
624
709
649
681
672
690
660
26762
861
634
654
744
636
763
732
616
664
749
642
674
650
629
687
719
616
668
669
652
656
654
623
651
660
640
647
790
625
718
668
626
688
648
657
631
704
619
642
780
622
682
773
642
650
753
623
699
664
639
795
643
635
651
717
623
690
632
617
671
632
629
687
660
610
633
710
611
669
698
623
637
804
629
632
685
639
818
629
693
675
685
674
718
634
627
689
724
629
653
665
632
632
677
626
730
643
645
625
26159
839
642
678
660
638
659
699
620
698
705
645
705
688
638
655
697
644
771
644
868
707
654
665
735
674
652
713
656
799
705
655
639
750
666
845
636
646
715
662
649
650
684
666
724
661
659
699
658
643
686
657
652
767
659
640
733
656
637
705
655
681
730
730
693
719
643
637
725
656
648
679
625
754
768
656
639
697
640
652
726
647
641
756
638
650
750
639
678
664
649
652
713
669
775
646
641
730
652
630
26312
775
659
654
685
679
688
769
658
645
717
630
689
702
637
654
684
702
640
723
644
660
889
688
668
714
659
758
683
683
710
708
655
701
673
928
756
646
664
669
724
661
729
670
713
705
652
709
663
704
716
675
646
702
653
626
732
651
655
706
674
631
757
672
650
701
720
689
793
651
653
794
653
669
689
670
651
664
660
697
706
680
666
788
876
683
757
701
680
679
674
668
692
659
690
725
651
676
677
658
25290
744
722
710
643
649
674
654
639
697
641
758
652
679
661
702
665
660
694
787
743
658
661
704
657
652
736
651
640
722
730
643
749
657
638
700
643
640
668
696
641
772
655
632
688
634
634
789
651
642
677
647
641
764
638
656
686
652
644
725
649
651
757
625
628
687
657
638
730
643
632
858
643
730
654
669
642
773
686
667
662
661
882
738
632
779
662
644
699
683
639
797
687
711
834
638
685
807
745
733
25485
748
690
694
704
680
622
734
641
627
751
623
645
694
646
680
801
622
651
721
639
702
761
641
626
865
635
681
743
702
758
645
660
703
681
626
709
652
656
687
651
647
705
656
637
752
676
690
793
659
696
726
673
624
773
622
684
806
713
679
704
652
704
673
631
689
659
659
709
732
627
684
691
655
662
662
663
664
752
805
720
834
638
661
806
623
773
663
693
756
723
641
727
661
632
788
629
653
758
744
25971
689
734
661
647
866
630
685
722
694
737
760
671
697
749
647
692
771
662
741
670
695
751
689
641
728
657
644
786
653
645
823
647
658
933
644
704
689
638
659
721
634
807
705
660
759
706
683
757
646
640
754
690
671
704
654
629
839
654
662
667
645
691
771
636
679
793
644
742
655
647
749
664
670
748
659
651
719
646
739
737
688
629
741
644
707
716
643
637
714
661
694
797
635
672
787
652
725
648
650
26179
761
808
635
735
642
624
716
683
659
741
651
634
712
648
625
747
712
646
752
659
644
760
637
674
802
651
691
699
639
666
784
633
651
659
787
744
656
658
712
651
639
748
759
790
756
677
707
731
643
672
752
639
688
663
644
680
682
631
698
749
727
725
662
637
754
670
638
732
637
635
681
668
639
801
714
712
787
695
686
705
648
672
698
621
765
701
729
774
680
643
733
653
696
707
629
654
673
652
750
26432
678
656
654
755
648
685
692
659
655
661
654
659
681
642
645
688
638
658
745
656
657
706
645
682
661
643
661
664
680
672
691
724
691
646
675
677
672
653
692
717
682
883
859
681
737
673
645
728
641
659
840
788
725
675
767
701
654
637
792
636
684
740
654
679
766
649
793
676
635
666
679
658
668
690
641
709
668
647
695
699
639
783
670
635
760
641
663
724
754
650
731
672
685
808
682
657
755
672
655
26595
712
674
783
662
673
762
707
710
729
701
727
762
724
813
667
686
782
735
679
704
648
698
767
646
713
690
664
686
683
648
722
654
659
783
696
677
788
628
658
772
666
657
706
673
676
760
655
678
706
654
665
709
650
673
753
669
759
652
787
858
731
651
735
709
695
737
701
708
660
645
717
652
792
739
775
661
695
646
637
706
651
655
784
667
661
724
687
900
666
641
785
648
656
703
695
653
714
652
669
26903
690
640
834
741
36
674
57
708
35
705
731
682
680
34
723
667
701
753
682
649
753
647
33
676
745
644
662
763
676
661
752
661
46
38
707
693
666
731
34
699
664
710
674
655
34
786
657
666
745
35
669
660
39
754
647
683
804
35
653
723
671
34
665
35
707
736
33
652
46
740
641
687
744
657
758
745
663
740
665
27196
858
663
689
727
651
734
652
651
728
664
697
762
641
666
762
660
657
703
667
25974
650
704
669
641
713
683
631
704
631
626
732
665
637
744
704
758
761
810
644
791
749
746
757
617
714
664
648
718
735
650
716
629
648
710
660
627
776
799
715
764
625
648
717
681
624
689
672
633
789
658
628
743
639
614
756
628
653
692
644
644
752
661
613
755
631
640
822
632
674
692
625
652
671
623
622
682
652
640
728
728
649
669
630
635
728
709
659
671
646
632
748
638
664
691
625
662
701
621
625
26296
779
651
628
738
650
672
647
632
648
799
677
642
657
619
702
636
638
650
726
683
768
796
624
729
637
626
718
650
654
709
652
634
844
625
639
822
635
625
741
634
731
729
697
679
662
637
625
732
625
678
676
638
632
699
647
625
702
633
638
707
656
639
699
659
630
679
627
640
694
654
700
691
648
637
720
630
643
673
635
620
702
663
630
701
641
624
723
634
652
714
643
653
662
627
618
754
678
680
728
26175
639
656
674
683
655
708
661
652
739
701
670
710
668
648
733
793
685
656
633
697
647
642
863
648
663
714
668
647
673
661
638
703
722
650
704
652
793
706
656
688
818
673
653
699
656
683
698
661
679
710
641
641
712
637
676
698
676
691
662
643
782
664
638
715
643
659
715
648
649
685
686
705
678
666
660
702
694
636
734
652
644
698
649
648
711
665
647
772
648
774
731
655
663
689
660
644
784
646
655
26573
801
702
773
638
682
714
660
638
741
644
663
748
658
643
715
661
642
745
644
664
833
643
659
734
654
679
681
646
683
697
657
685
673
666
703
663
638
719
649
642
759
667
657
716
657
652
704
633
733
726
688
635
720
659
647
717
705
641
879
635
675
730
642
683
697
666
647
746
651
675
737
656
684
735
736
710
675
649
745
673
643
785
681
671
911
666
719
704
652
782
730
770
814
684
640
769
667
918
653
25322
690
611
618
688
615
666
744
616
606
701
661
694
664
634
610
671
706
604
747
629
628
690
616
611
654
689
600
712
638
601
698
653
609
640
648
618
619
672
605
614
668
614
615
699
614
600
735
636
611
670
697
660
631
619
619
681
668
646
734
646
685
752
794
781
617
761
609
633
698
618
602
693
615
619
735
625
612
702
625
719
741
595
599
681
654
632
756
618
624
671
619
613
669
619
621
620
728
615
648
