Execution time (ms)
954
562
586
599
544
560
621
553
531
573
581
532
558
603
544
544
555
613
556
561
643
552
547
549
591
550
547
630
554
544
534
646
559
556
632
549
557
550
626
561
548
637
549
579
612
585
560
580
606
582
542
595
581
546
560
619
609
569
609
572
569
543
620
583
532
627
562
593
555
636
564
545
610
588
541
580
615
549
559
625
599
576
688
736
551
540
648
552
576
576
620
551
565
658
557
553
603
589
555
561
19222
570
625
553
531
539
627
546
536
606
600
554
549
626
537
531
599
565
538
532
624
545
555
579
588
540
544
632
555
541
594
617
535
541
654
574
545
579
592
542
540
630
548
549
579
595
543
575
629
575
538
588
578
539
538
654
551
533
588
636
551
549
644
542
539
605
567
535
542
622
564
570
601
563
528
534
622
570
545
584
583
536
543
627
568
545
591
578
535
529
622
564
546
543
641
547
558
637
554
550
18628
675
581
574
657
592
570
675
598
591
629
621
629
588
670
553
559
655
554
534
534
637
541
558
677
577
588
574
629
548
549
656
552
547
599
588
528
542
625
555
545
588
604
539
543
642
550
548
572
612
545
537
619
556
541
555
648
555
565
650
565
545
625
607
556
555
650
555
535
612
565
543
532
632
538
541
621
561
551
541
630
545
552
621
567
570
542
636
573
548
590
587
543
539
637
551
537
614
554
535
19347
599
593
660
568
550
596
575
570
557
606
557
576
608
550
541
541
607
571
559
607
591
549
545
628
567
544
592
554
700
557
634
576
550
603
553
544
549
612
545
545
585
536
559
575
612
556
533
594
554
545
540
596
552
548
580
576
571
563
598
557
556
602
575
552
547
602
550
568
610
561
563
552
601
573
542
581
545
546
534
605
562
938
605
545
559
583
556
549
542
598
549
571
558
587
542
549
596
553
562
19038
605
621
585
556
537
535
603
545
538
590
563
566
544
590
544
562
552
554
542
541
587
556
575
559
584
553
534
591
546
552
536
586
539
564
567
576
552
550
606
550
538
546
584
554
547
591
567
568
592
572
544
544
589
550
542
554
602
545
539
585
564
559
544
592
541
534
564
556
534
535
604
550
567
540
590
558
558
584
545
546
548
602
540
543
578
571
543
529
592
552
540
542
584
534
553
610
557
565
553
19431
563
577
534
540
595
557
515
504
564
522
524
518
553
529
513
535
597
540
510
551
529
521
522
569
517
520
513
583
547
554
517
608
518
527
591
536
523
524
599
528
515
520
639
542
520
581
542
532
508
600
544
529
549
576
543
531
578
549
518
510
595
543
531
564
561
509
528
621
554
511
543
588
527
519
591
572
525
525
595
530
539
538
626
530
518
622
536
520
514
606
531
525
530
624
521
528
589
553
531
18985
630
544
548
635
534
545
616
546
531
529
626
570
551
596
550
615
665
613
524
531
728
532
536
557
617
565
559
606
546
526
567
581
533
545
601
557
557
570
645
555
551
621
557
543
551
635
532
526
640
565
530
545
623
545
537
621
553
536
552
623
533
555
638
547
545
534
625
541
538
644
551
536
532
654
564
537
585
545
542
665
767
605
547
532
652
532
544
610
573
523
547
650
554
531
621
559
539
560
643
19072
588
588
526
545
638
577
530
577
584
521
531
670
600
571
628
626
603
584
690
580
571
628
548
554
568
632
526
526
646
548
561
593
669
596
534
648
562
530
583
598
530
532
657
548
528
562
619
536
526
626
545
541
548
625
546
525
632
548
534
528
652
532
542
626
562
525
534
640
539
548
624
537
555
536
648
554
536
623
536
522
572
644
535
522
587
595
531
533
622
546
524
558
600
542
553
635
569
535
552
19533
600
590
543
544
635
588
570
654
648
618
634
656
555
554
670
566
553
629
585
539
564
652
547
553
633
573
574
546
658
537
542
645
549
572
563
607
565
533
660
585
554
592
602
545
559
657
568
545
589
593
553
581
654
559
546
633
571
562
541
618
548
552
637
586
551
552
602
559
552
606
551
532
561
631
578
563
626
552
557
570
600
556
564
603
562
547
553
632
574
556
615
558
539
577
577
548
557
609
553
19579
606
543
599
575
540
563
601
559
546
560
581
531
541
605
565
541
554
625
579
552
588
564
545
549
592
543
554
600
565
584
567
618
526
547
593
551
548
547
601
575
554
623
564
545
545
617
569
564
610
552
541
556
604
546
570
593
552
549
542
594
552
571
586
558
549
541
624
591
545
591
566
548
603
593
571
545
583
559
571
571
582
547
550
585
565
555
550
599
563
543
571
590
552
537
613
576
539
609
572
19452
576
531
19143
657
563
548
618
577
561
586
542
528
569
601
561
577
609
552
559
549
585
538
549
586
559
541
550
614
578
531
574
538
538
551
617
558
545
547
591
561
545
587
570
546
558
597
550
544
587
558
532
540
619
574
538
598
551
593
544
607
584
556
588
563
565
568
622
552
549
599
560
543
548
623
559
552
612
591
554
530
592
554
561
597
566
548
542
615
573
555
600
559
545
570
609
561
543
610
576
19660
613
537
532
626
547
545
634
568
534
542
658
564
542
614
555
531
562
644
540
525
609
544
557
543
649
536
548
622
551
537
529
638
529
534
587
605
565
588
633
545
543
618
544
534
532
624
566
555
601
574
539
543
608
561
543
566
569
553
537
612
555
526
545
595
534
536
611
548
520
530
616
559
571
602
555
535
542
643
547
529
600
555
546
539
644
596
535
599
558
536
534
622
562
530
545
592
544
563
621
554
556
392
445
28
30
30
34
407
254
231
233
202
277
292
358
387
238
381
269
258
236
44
330
576
241
341
264
533
37
267
32
420
37
261
37
37
41
416
260
295
207
371
252
284
59
476
329
228
117
229
33
272
226
330
508
403
267
231
363
345
260
336
205
246
225
340
41
43
56
40
37
229
35
35
278
37
41
44
40
42
367
254
34
39
42
46
37
47
536
218
286
36
228
353
255
30
30
249
43
19139
690
696
543
537
581
582
530
536
603
544
538
550
623
524
559
633
545
527
558
645
534
518
594
573
522
539
622
550
525
589
574
520
506
630
546
529
564
611
537
522
589
551
529
542
630
562
529
574
573
543
524
630
559
532
572
586
560
562
673
593
600
641
579
541
537
637
571
536
607
589
524
522
636
591
578
591
589
528
542
628
576
516
576
595
543
533
621
555
521
559
612
517
515
613
548
522
550
692
577
20535
612
546
536
539
627
579
539
560
576
540
538
591
549
545
556
612
561
541
619
564
534
555
628
563
536
592
557
540
561
622
544
551
591
538
545
551
611
547
531
572
581
554
542
598
543
537
585
644
593
581
656
567
544
610
560
556
558
624
567
556
592
555
539
538
605
574
532
595
593
537
542
611
536
537
559
578
532
562
636
558
582
592
581
570
555
601
543
532
561
600
561
553
625
543
555
534
632
545
549
19463
575
604
558
549
524
589
554
536
553
577
528
552
601
553
521
548
596
542
528
575
548
528
544
612
555
536
547
604
531
553
604
555
526
523
612
551
561
607
559
533
526
602
551
553
589
536
547
546
629
564
545
564
536
548
530
591
541
538
532
578
547
561
594
539
533
536
580
535
545
541
575
553
539
603
576
542
545
608
549
528
578
542
529
524
575
543
538
552
578
549
525
583
543
545
537
577
535
528
532
19839
610
567
554
548
586
555
563
580
553
544
541
593
554
539
593
577
548
555
634
571
541
578
558
546
542
592
551
556
584
558
555
572
589
538
564
612
550
540
567
604
570
556
558
588
541
550
593
552
534
531
597
547
540
589
553
547
551
574
555
561
581
556
552
550
585
550
545
563
589
549
538
589
547
538
541
601
547
567
624
556
579
567
618
540
542
585
578
536
528
596
545
558
586
579
545
547
586
558
540
18754
592
552
542
598
564
545
574
548
534
537
595
558
573
548
570
559
548
609
592
537
561
587
542
562
598
571
530
565
585
551
554
578
537
551
536
592
556
561
591
548
533
548
592
577
542
546
579
536
553
599
576
535
554
598
545
558
587
535
543
536
583
565
574
574
561
546
554
592
536
543
548
594
552
551
611
568
532
536
599
554
534
585
540
526
531
613
555
546
590
586
553
538
602
554
538
552
598
559
545
19500
573
601
546
545
547
586
558
525
624
566
540
547
582
551
550
588
563
559
558
597
568
582
588
564
538
556
605
558
559
553
580
550
565
608
589
556
555
586
566
551
613
576
553
560
603
564
541
580
555
566
568
577
545
563
591
569
568
556
639
572
590
637
595
589
630
619
609
562
621
545
575
605
558
564
564
623
546
542
585
565
541
543
621
561
552
605
582
539
545
617
569
576
645
574
555
540
652
559
535
19055
578
539
626
528
524
550
611
524
525
580
545
520
547
593
542
534
539
604
532
534
571
564
524
537
590
549
516
542
585
520
527
582
557
547
526
591
545
516
575
590
519
527
583
544
522
537
614
538
524
588
544
537
526
613
550
533
594
591
531
561
546
633
659
619
555
603
562
589
573
688
557
581
687
557
537
606
574
551
539
630
561
532
553
595
582
602
669
535
538
590
577
539
533
616
562
540
560
586
556
19719
571
550
642
560
562
606
558
555
556
639
547
541
630
578
561
565
617
553
554
625
573
542
588
605
557
551
633
564
553
614
556
548
539
623
565
580
604
588
562
557
646
557
555
606
551
547
557
659
542
535
620
579
549
535
625
571
572
703
590
578
614
645
618
555
674
538
568
656
557
556
539
644
551
562
632
558
540
577
648
553
542
633
552
548
571
597
560
545
620
575
556
594
603
555
540
638
559
543
598
18134
570
543
555
607
566
536
577
568
556
539
627
576
529
546
607
555
537
612
555
542
547
630
543
546
617
552
544
536
642
540
531
601
546
517
529
648
545
554
639
552
525
529
612
542
525
593
589
564
546
585
548
538
557
585
542
542
621
543
562
531
654
566
544
596
535
535
540
613
529
525
582
537
565
568
602
538
524
558
569
547
549
615
552
542
540
623
543
539
583
544
528
530
581
537
540
579
550
550
558
19593
565
585
549
573
604
546
544
554
590
559
530
565
584
554
560
594
567
549
566
609
582
546
577
551
543
545
597
559
570
575
554
550
549
585
541
560
584
543
559
556
623
552
562
584
540
561
535
593
572
532
569
564
555
572
586
540
536
565
603
527
541
597
554
544
527
603
566
552
568
554
550
553
587
547
556
551
582
576
555
600
536
534
555
593
538
546
612
546
551
562
643
550
565
577
556
557
532
599
540
18823
609
558
563
568
586
542
527
606
554
560
547
615
555
565
599
549
540
556
605
548
551
590
564
577
543
595
567
550
598
563
543
551
599
577
544
589
573
556
562
612
559
579
593
557
535
550
602
553
558
608
567
542
562
601
567
541
583
568
571
532
638
579
542
618
568
546
551
585
549
543
555
586
535
592
599
565
553
582
566
541
542
614
571
544
564
616
566
546
592
559
547
567
606
548
530
597
567
585
534
19082
544
550
604
541
557
588
568
534
546
597
542
540
579
547
555
538
599
549
535
551
562
559
550
590
540
571
555
585
559
537
587
539
529
541
631
562
534
606
532
530
542
584
549
548
544
589
544
576
583
552
545
544
604
563
536
577
557
542
546
623
669
552
603
579
549
529
620
537
531
604
539
558
566
642
595
587
679
605
593
599
599
546
532
619
546
566
576
577
543
538
586
551
545
556
593
578
552
599
556
19795
559
574
537
632
567
544
572
585
562
539
621
543
546
599
572
538
551
616
564
553
560
591
559
560
612
582
552
578
595
550
564
592
561
568
539
624
562
548
612
541
538
541
606
531
539
615
555
565
563
626
555
582
658
598
594
667
603
565
563
634
579
538
622
557
542
539
642
568
611
639
563
555
577
612
551
561
615
576
543
596
570
530
589
621
552
572
591
579
547
537
608
554
538
543
593
573
553
608
562
19589
609
546
589
581
558
552
624
555
542
586
585
550
551
621
558
542
593
583
567
541
617
576
558
594
559
546
559
627
559
561
631
584
553
565
647
563
562
629
568
552
579
695
578
579
685
619
563
642
569
561
584
635
555
558
646
559
560
602
588
547
544
657
609
553
619
555
576
565
624
571
546
625
562
574
554
653
560
543
634
564
544
562
615
582
565
631
583
544
601
580
574
559
622
559
544
599
593
571
571
19465
559
574
532
554
537
586
535
522
590
539
519
528
579
547
528
540
583
540
517
583
539
528
526
593
536
530
530
603
532
545
600
530
542
521
596
527
528
570
543
524
517
595
560
525
526
582
525
513
560
556
542
524
574
547
539
547
555
547
525
543
559
536
540
566
518
525
517
581
551
520
541
569
524
526
572
549
514
550
571
536
543
556
560
535
537
575
541
526
525
573
521
529
529
595
569
530
569
550
538
19446
629
541
594
551
563
571
549
549
545
586
553
551
561
575
544
545
579
552
544
553
585
548
559
619
559
534
560
590
555
549
554
566
541
533
589
552
558
547
578
528
546
571
566
533
543
582
533
542
568
592
542
549
592
549
558
532
607
546
529
587
553
556
534
595
567
544
573
540
554
556
591
547
544
565
603
540
547
596
555
558
534
591
535
540
582
558
543
529
593
563
533
562
547
550
536
597
537
548
558
19552
726
681
576
554
628
536
543
620
551
538
545
625
555
536
615
568
532
529
628
556
538
607
622
574
606
693
541
537
623
577
557
598
620
555
534
655
578
574
674
575
554
547
658
550
537
600
554
550
538
624
551
522
581
582
550
540
614
557
540
576
615
540
532
618
582
570
554
616
553
530
618
586
548
576
611
554
545
620
555
554
587
591
528
543
625
549
535
558
625
540
540
640
555
533
548
631
537
533
620
19193
584
688
605
638
711
553
541
637
577
579
543
640
559
537
635
552
550
531
633
535
538
645
552
553
544
641
538
537
623
552
531
542
676
574
584
621
572
546
537
625
542
529
609
563
551
574
642
549
531
619
562
561
541
648
551
534
633
584
549
549
610
537
558
614
557
530
546
635
556
565
616
560
544
550
644
533
539
618
566
535
533
685
550
543
621
572
548
531
651
534
547
618
556
552
559
644
537
555
640
19362
667
583
540
552
19305
584
598
555
534
562
623
545
536
600
542
538
534
629
543
534
622
543
552
559
594
534
536
588
546
552
556
616
542
549
555
576
538
545
585
546
530
536
644
566
539
603
575
547
537
600
556
542
597
556
548
544
587
564
544
599
545
535
547
606
550
529
546
635
542
552
599
562
544
539
599
538
553
594
557
562
575
628
558
533
590
562
521
534
598
542
549
621
616
540
532
627
552
553
593
18041
574
545
534
612
550
527
523
625
516
523
588
539
529
546
614
523
516
524
614
526
519
591
568
518
513
620
565
530
556
583
523
523
618
537
523
532
621
534
564
616
525
530
525
610
534
524
552
584
519
530
623
559
516
534
619
528
540
563
555
537
518
603
561
561
536
597
535
518
596
541
521
531
609
535
529
570
606
540
527
608
536
534
517
635
533
512
595
535
531
539
614
550
516
550
596
535
530
621
572
540
557
456
414
251
28
29
29
42
37
31
32
346
33
35
32
48
30
39
42
64
347
336
353
380
378
274
40
286
35
39
43
45
232
324
219
230
245
234
377
415
514
233
291
396
34
240
34
31
212
33
245
520
32
250
30
34
56
357
34
345
33
212
34
33
38
44
277
240
33
37
245
53
44
283
239
38
312
31
265
32
254
291
35
30
28
48
91
258
357
229
334
32
30
30
241
267
38
33
257
19863
615
518
534
580
546
529
539
592
540
506
522
598
522
501
545
594
524
523
577
536
526
509
580
527
518
521
569
539
540
577
528
516
521
596
523
515
508
598
521
531
578
560
516
576
596
522
524
509
597
508
515
566
552
536
535
611
527
518
508
587
508
508
542
567
501
523
605
541
532
511
593
523
524
515
600
496
518
561
528
514
533
624
554
544
549
651
585
560
623
552
569
579
625
536
506
579
560
508
852
19279
578
622
558
545
553
625
551
527
610
553
538
525
624
541
551
610
555
551
558
634
556
550
603
562
566
573
624
536
533
609
561
543
555
603
563
544
610
557
542
543
610
578
536
620
567
538
538
617
560
531
598
570
531
541
602
546
550
557
603
540
546
609
554
540
542
638
544
550
633
581
536
536
633
532
539
608
551
536
555
655
597
573
628
605
579
541
651
536
556
634
551
550
532
644
562
560
627
558
560
19047
573
516
533
620
530
531
578
555
555
527
603
537
523
560
553
533
521
581
564
551
546
592
523
527
558
553
521
524
588
535
518
535
616
549
522
574
539
537
534
591
566
509
519
621
552
549
589
524
514
533
589
530
521
523
597
525
519
618
540
515
515
585
535
534
518
606
523
524
603
554
550
549
601
539
527
569
589
517
511
604
523
550
545
595
527
523
565
558
520
528
600
529
517
541
614
526
533
589
530
19544
627
530
530
611
532
536
594
542
542
535
605
560
557
575
571
534
527
599
560
528
526
597
538
538
574
554
534
539
587
546
533
533
582
532
548
581
543
548
557
585
546
534
568
574
529
547
581
545
546
530
610
559
548
582
538
531
536
593
551
540
592
548
551
540
566
543
526
546
675
691
530
550
623
544
538
600
576
535
546
581
546
532
611
547
541
539
606
537
552
579
581
535
525
592
549
536
529
596
546
19065
618
552
545
595
575
548
549
608
560
544
605
552
545
560
612
533
550
602
567
553
548
631
539
558
598
543
546
545
609
562
537
604
572
543
549
610
566
534
581
567
541
545
603
554
592
616
553
564
565
601
544
547
565
620
552
538
631
566
533
582
564
547
544
602
560
540
558
605
562
555
587
555
537
551
610
556
547
598
549
546
561
640
558
545
602
544
543
542
604
567
544
598
552
568
547
616
546
532
584
19263
537
614
577
533
556
555
526
543
579
553
530
552
626
549
550
623
532
518
533
617
560
531
570
560
540
532
630
538
520
528
590
535
524
574
541
530
532
592
589
557
534
590
534
536
591
536
547
532
615
545
544
599
566
524
536
599
549
537
580
583
532
516
598
558
540
520
618
542
546
597
551
549
533
594
555
559
606
568
530
521
595
540
530
551
596
529
519
595
554
532
527
613
588
562
617
580
560
589
694
19233
628
476
457
249
217
236
298
230
28
39
43
43
35
37
44
233
237
31
225
220
552
233
245
36
224
245
247
387
33
30
32
40
51
45
325
35
30
333
334
250
244
247
263
332
418
257
247
321
336
524
405
250
217
252
32
221
389
262
40
34
41
256
246
250
323
31
318
39
260
227
394
234
484
31
223
48
47
53
245
31
227
240
341
418
32
433
43
237
258
214
251
33
33
31
40
251
249
362
253
19572
664
560
563
666
588
591
638
594
554
544
625
561
532
539
619
543
536
610
537
530
542
610
563
547
595
543
543
546
623
563
532
617
543
525
542
624
557
531
543
584
534
547
587
559
534
551
602
554
582
589
556
552
541
592
552
553
593
552
540
556
603
575
542
559
564
546
542
608
559
540
539
616
550
553
585
541
536
530
585
534
531
568
595
526
538
597
582
528
549
577
536
546
587
531
537
556
589
553
581
19649
546
606
542
525
540
607
533
536
582
535
526
532
588
536
535
537
622
562
529
597
545
536
534
591
537
520
552
568
527
564
611
547
560
554
589
555
528
598
539
549
522
604
558
524
577
543
523
523
595
537
533
536
594
548
548
583
530
519
524
578
534
549
536
598
526
539
593
557
539
558
590
542
547
568
551
548
532
577
530
572
535
592
548
536
571
551
536
576
573
560
531
551
576
551
556
573
540
530
544
19303
595
586
555
549
543
590
550
541
592
540
538
555
597
561
548
563
543
543
549
580
533
554
546
599
570
527
608
555
540
550
590
562
528
575
561
549
553
593
540
549
530
601
550
558
583
548
554
552
593
556
532
590
539
540
543
611
554
544
577
546
545
560
606
540
565
541
578
533
553
620
550
540
544
618
554
542
606
558
540
538
604
547
544
608
574
550
561
601
560
536
582
553
540
547
613
531
528
547
640
19415
796
611
552
553
659
555
564
617
562
530
546
640
544
545
629
568
573
569
613
552
557
618
570
555
556
619
539
547
619
578
534
560
606
556
550
652
558
540
549
628
585
532
643
589
565
599
577
539
553
626
568
533
627
573
540
554
659
566
551
597
573
537
540
638
569
570
601
574
581
554
652
531
534
609
562
536
559
639
545
547
624
588
550
575
641
559
543
611
564
550
537
633
548
561
617
555
536
556
638
20090
631
548
546
622
566
541
542
628
567
541
676
585
576
644
665
582
581
691
610
557
659
575
556
633
591
537
530
659
544
553
633
624
585
568
689
554
530
661
577
539
556
627
520
532
655
569
606
697
725
595
568
642
541
555
617
556
550
556
642
525
535
622
614
538
537
640
538
524
606
583
530
532
629
546
527
581
589
547
565
689
535
533
577
610
546
558
640
557
542
613
561
545
550
633
527
542
575
605
547
18945
559
528
529
639
587
565
634
630
572
568
684
595
537
642
560
567
581
590
554
534
623
548
558
606
665
558
536
647
553
534
570
617
532
534
651
579
554
590
588
537
539
683
528
556
611
545
550
552
631
561
549
560
582
548
547
617
543
542
574
573
548
527
596
542
521
533
626
531
540
602
540
534
534
606
555
535
560
578
539
552
629
540
549
544
626
544
529
597
558
536
527
609
549
544
608
564
525
522
617
19535
688
577
584
678
563
559
563
626
586
539
630
561
570
586
589
540
538
623
547
554
583
601
546
552
622
548
538
581
578
532
554
625
595
547
566
613
534
554
612
572
539
564
588
552
553
614
548
543
534
631
521
549
663
605
556
585
605
531
584
637
548
559
580
572
564
559
620
573
567
577
583
560
549
615
553
537
569
572
559
526
620
576
532
550
617
524
530
616
536
533
546
617
542
573
613
548
545
544
623
19400
660
573
544
592
551
542
546
589
553
563
588
549
571
569
583
549
539
557
588
531
543
596
552
562
550
630
582
563
594
547
556
568
593
560
539
593
564
578
547
613
557
550
600
574
573
546
602
539
562
606
570
545
553
619
556
548
588
560
555
548
604
562
595
625
545
556
542
595
556
543
590
580
556
542
617
573
554
587
578
546
550
599
547
551
594
570
574
550
599
548
573
588
553
539
544
594
575
543
571
19681
601
556
519
527
598
571
532
585
529
526
524
558
542
522
544
572
536
525
549
581
524
568
578
528
535
526
587
521
518
540
572
531
547
589
553
530
528
567
532
533
579
523
522
544
576
564
539
520
563
541
536
573
528
517
524
562
539
536
554
575
533
534
551
550
516
530
585
533
513
529
589
546
526
525
574
534
520
585
553
530
536
570
527
552
518
566
542
526
571
548
530
531
559
532
524
535
596
554
534
19669
558
570
539
611
554
543
557
612
575
561
647
603
576
619
574
550
526
615
576
541
617
561
545
531
612
558
532
582
609
552
550
607
564
539
582
580
546
540
617
584
553
586
598
553
560
611
545
533
583
605
539
533
617
555
577
590
567
547
554
638
573
569
561
573
560
536
600
560
552
555
601
537
546
611
552
565
536
616
538
546
610
548
543
547
608
537
549
588
563
560
546
619
550
536
581
606
547
536
635
19525
638
558
540
588
586
565
562
624
562
543
609
580
558
534
609
560
546
616
563
585
561
613
559
567
612
574
557
561
618
559
562
621
580
545
584
638
550
540
605
564
551
555
625
560
563
614
559
552
547
617
571
555
610
555
551
545
639
592
546
599
566
582
574
588
563
546
613
560
579
626
574
564
545
607
557
562
606
564
551
549
619
586
554
594
601
548
554
611
569
549
600
570
590
550
605
566
547
599
562
18366
564
576
546
542
535
596
548
519
543
602
519
536
585
576
531
531
589
529
537
568
577
535
527
601
569
543
546
614
525
539
613
548
542
535
602
520
526
572
584
540
519
588
538
529
545
604
542
523
587
545
546
548
569
532
514
521
575
522
550
579
552
552
548
597
593
560
537
557
563
535
554
618
531
556
531
588
543
532
587
540
519
528
640
647
629
562
528
541
535
577
569
538
546
558
523
520
571
537
537
19515
575
566
624
571
552
602
558
545
570
593
561
557
603
559
567
557
600
570
552
623
582
583
562
610
558
549
596
557
557
546
595
557
575
601
576
541
564
605
552
548
622
560
550
552
606
570
555
590
552
570
587
639
551
545
626
575
576
568
636
576
557
615
563
546
562
628
562
557
622
588
549
571
611
558
558
620
572
557
576
618
560
586
619
577
576
619
558
587
549
642
541
552
634
595
541
535
647
574
540
19095
642
682
661
559
551
620
559
548
583
622
526
540
643
560
528
577
586
538
540
611
548
544
538
619
537
564
623
543
542
536
657
537
533
617
544
531
529
642
545
536
615
568
538
534
635
540
530
595
552
551
554
610
553
530
561
599
537
538
623
547
548
552
641
557
535
621
545
536
567
19589
587
577
540
543
601
552
540
534
636
560
556
641
579
567
597
642
565
588
664
620
598
611
546
539
560
635
530
535
597
19360
572
636
554
546
625
558
547
560
628
537
534
629
571
561
548
628
565
547
631
545
543
575
609
559
546
630
555
541
558
618
542
551
631
574
566
569
616
556
534
630
559
531
566
607
558
560
623
546
526
564
619
541
543
624
549
534
562
612
538
565
631
571
542
544
624
542
553
624
560
19620
595
560
597
593
541
563
640
576
536
624
606
550
544
632
532
557
606
571
536
531
611
582
558
621
567
554
550
631
544
19491
575
529
555
638
528
525
598
579
532
531
642
543
538
567
608
549
528
629
543
528
571
571
541
557
635
545
522
533
623
518
527
582
590
533
540
637
558
529
611
555
522
559
631
555
519
621
562
541
551
610
528
529
550
627
512
519
622
533
526
524
636
554
527
566
579
527
517
628
541
520
548
602
540
557
599
577
538
564
626
534
530
633
543
522
533
668
540
540
574
574
525
548
636
551
531
569
572
559
533
19152
557
553
582
570
555
614
543
547
545
598
552
552
610
567
565
548
610
547
559
594
545
552
531
602
553
536
590
576
545
572
605
553
545
580
566
549
542
619
556
561
581
563
536
530
612
542
557
540
650
543
542
619
566
537
538
603
550
538
589
551
558
537
601
551
568
593
563
530
554
609
566
536
573
594
526
531
624
577
542
562
590
550
540
606
555
552
540
599
538
579
591
556
534
540
604
571
543
616
549
19332
591
548
534
598
544
550
540
635
575
540
605
577
546
530
605
549
567
609
543
527
588
640
568
558
626
565
539
554
617
534
532
613
552
559
537
600
560
570
583
567
540
561
592
549
556
603
541
551
537
590
566
543
542
580
535
533
606
567
537
546
586
549
542
582
555
541
543
577
544
561
563
587
545
536
595
538
537
543
604
540
549
625
596
562
534
603
546
535
585
548
546
558
594
534
565
588
549
549
530
582
541
527
543
608
547
528
595
573
543
552
590
536
559
607
594
556
545
637
562
584
587
584
547
554
629
568
537
601
612
553
533
661
560
563
614
559
544
562
646
533
546
610
559
564
553
661
540
528
613
581
544
558
640
561
536
650
574
536
555
620
551
547
635
576
536
544
634
587
565
634
553
563
580
579
542
564
638
562
557
621
575
558
565
623
553
542
613
601
568
583
694
569
594
672
625
597
679
562
549
19650
571
569
615
536
539
648
547
542
546
608
540
554
614
563
543
537
634
547
543
625
546
538
577
625
569
548
634
560
556
545
628
554
553
637
566
535
589
608
556
540
647
545
553
554
601
549
534
621
555
546
532
635
542
540
629
563
545
535
639
538
543
635
566
547
543
639
554
540
621
551
538
532
629
544
549
629
555
549
541
635
539
591
691
597
567
626
670
537
537
629
581
556
616
564
565
549
620
555
532
596
570
545
577
672
538
526
576
575
523
564
618
562
566
607
595
582
544
632
550
538
597
613
545
542
627
561
543
612
582
618
645
605
531
529
605
561
556
540
654
563
554
635
553
533
538
633
561
546
622
563
553
593
605
538
557
611
546
536
559
621
543
563
643
574
538
565
599
541
545
646
545
568
571
615
578
569
632
552
549
576
597
536
574
605
555
541
590
621
560
535
624
556
551
581
590
548
541
644
586
19212
584
556
556
619
568
572
619
559
542
547
625
553
552
615
582
563
546
659
567
534
625
570
563
547
640
558
552
633
570
571
576
619
542
545
614
579
556
585
589
547
543
636
595
553
592
582
553
546
631
565
569
597
637
742
587
645
600
568
596
591
554
563
642
553
567
630
605
553
549
645
546
530
649
573
553
561
629
569
572
653
554
545
598
603
548
584
661
572
539
621
614
571
585
634
563
547
633
573
537
19714
546
621
537
539
543
655
562
552
614
572
539
542
649
530
544
607
542
532
532
647
574
531
577
572
533
552
626
557
551
576
584
548
550
619
534
545
566
594
542
547
638
537
534
567
656
534
531
638
556
538
565
617
546
539
626
554
555
556
610
537
547
629
565
544
560
641
544
541
671
564
537
540
592
540
529
610
568
533
533
647
538
551
607
576
556
525
589
536
539
588
551
542
531
620
569
544
575
566
530
19511
639
558
602
576
543
610
547
563
563
610
546
595
640
571
585
541
630
548
570
618
553
548
566
655
553
553
623
544
559
577
606
550
539
597
552
566
568
602
567
552
617
555
540
552
629
537
551
620
594
575
555
574
554
547
618
555
550
555
605
545
570
596
550
540
533
613
554
542
602
553
543
540
631
571
549
604
571
547
564
596
546
545
567
580
551
555
609
571
546
582
583
546
546
593
553
565
572
598
561
19264
659
544
572
611
555
565
624
587
616
609
574
537
547
609
544
556
586
550
563
555
611
545
562
558
577
544
542
616
557
553
541
597
559
536
605
544
538
546
610
535
534
572
556
526
535
586
573
552
551
619
542
555
600
563
544
550
588
544
562
596
552
547
542
591
552
549
572
554
546
538
584
554
538
558
596
537
546
592
570
529
537
619
551
538
592
542
556
538
617
543
548
596
541
548
565
605
575
537
560
19204
552
640
543
535
588
638
565
544
605
545
541
537
623
533
532
606
552
540
553
609
550
543
585
557
534
534
609
552
569
538
647
562
527
635
564
552
587
558
533
549
1372
605
617
561
540
546
634
532
548
605
543
545
539
644
558
550
625
577
532
545
919
539
537
625
543
552
579
569
535
557
611
567
529
590
590
545
559
653
553
551
614
571
526
553
599
545
537
580
575
574
564
617
588
569
647
591
569
582
694
19125
644
559
555
555
630
552
558
624
562
550
561
623
554
535
630
565
548
541
644
543
551
646
549
552
539
652
542
538
609
597
541
534
648
547
532
610
561
546
554
612
550
534
629
568
583
536
644
550
562
637
561
533
550
628
540
527
606
560
546
539
618
538
541
635
551
534
555
633
541
543
613
572
550
538
631
541
543
586
562
561
534
615
552
550
630
612
576
574
696
619
543
644
554
559
607
600
566
553
616
18798
546
655
559
541
530
609
536
542
584
550
533
524
625
574
531
586
579
543
531
603
576
554
556
598
529
569
590
545
549
555
618
526
524
606
562
544
532
639
551
554
587
552
549
549
627
708
590
610
536
551
567
605
540
532
587
553
549
535
604
558
543
578
590
574
539
592
541
537
522
602
546
527
581
549
546
554
600
548
534
557
567
529
544
602
553
544
543
623
550
552
617
569
529
528
603
534
525
568
565
18845
564
588
529
537
593
545
539
553
626
535
533
595
553
536
537
610
551
548
547
586
568
540
593
563
540
530
621
526
528
600
561
537
557
630
539
563
603
564
525
548
613
546
528
571
573
560
561
601
536
532
545
589
525
522
580
552
548
549
590
558
543
587
553
538
538
608
545
543
545
599
585
538
587
547
524
530
617
533
545
603
559
555
543
602
542
564
590
561
536
558
626
561
546
574
569
563
551
600
544
19471
580
538
537
608
536
561
599
550
564
531
603
543
551
635
569
553
540
623
549
551
612
559
552
552
628
559
537
595
579
562
541
622
534
541
603
564
561
566
627
559
534
613
554
541
543
618
554
532
633
577
571
565
619
549
565
610
554
539
563
623
551
568
593
563
536
567
599
562
552
616
561
586
580
677
554
546
632
563
547
541
652
539
553
624
563
569
581
606
556
539
646
566
539
584
614
553
553
647
578
19342
559
520
519
635
537
521
527
573
516
516
595
522
505
497
606
544
542
512
634
528
509
586
523
511
509
608
523
517
543
626
502
510
549
572
511
502
596
521
511
516
612
546
530
528
574
524
532
615
519
514
547
589
513
549
561
569
509
504
598
528
510
523
623
555
507
567
572
512
528
584
526
512
508
577
559
503
513
595
523
528
601
538
520
526
585
538
514
507
610
510
515
573
567
537
517
623
551
543
560
19204
578
601
576
553
538
646
561
539
591
588
553
548
608
574
546
604
587
557
536
654
545
548
610
592
538
544
630
541
551
590
584
553
537
615
573
529
608
566
545
544
616
562
539
587
600
532
534
649
559
557
593
594
553
551
640
570
541
607
570
547
547
620
551
540
588
577
533
542
616
570
534
579
586
534
546
638
567
537
566
602
543
574
627
561
545
586
590
531
541
622
568
521
548
630
551
589
686
594
573
19850
574
660
584
551
613
570
572
547
642
547
565
623
560
556
571
641
547
542
628
565
552
577
627
569
556
629
567
545
583
590
558
546
633
565
561
588
593
547
542
618
581
546
587
598
560
564
654
563
561
624
570
551
553
651
546
557
643
582
558
577
626
542
543
632
573
560
572
608
565
576
662
586
567
626
569
553
544
641
532
546
637
572
571
552
630
548
541
618
593
570
580
601
567
542
622
587
562
597
547
19045
570
540
545
502
544
506
506
513
557
510
498
509
561
529
544
522
539
504
516
543
520
509
513
554
507
503
515
558
542
497
541
575
525
500
520
576
508
509
532
522
516
521
560
503
507
516
544
570
653
586
560
512
518
507
563
535
549
495
591
515
502
500
567
507
500
519
581
499
525
610
509
513
520
565
513
501
502
590
508
499
520
594
535
505
566
506
497
547
571
529
509
513
578
530
518
513
570
501
511
19586
571
608
552
541
560
613
548
550
592
551
544
544
598
567
540
578
578
549
549
596
559
559
542
587
580
567
609
565
539
568
608
548
552
592
545
557
552
632
553
543
584
561
538
542
626
548
547
593
555
559
559
589
559
548
584
551
536
551
590
579
547
568
590
545
551
613
555
536
582
567
556
546
589
560
563
571
591
537
600
586
549
545
577
604
536
541
600
573
562
561
611
556
553
615
557
539
547
602
566
19414
564
538
589
578
545
532
578
633
19531
632
550
588
583
555
530
617
548
538
588
558
561
557
609
532
541
528
608
534
543
605
528
533
530
615
559
535
575
591
537
524
617
542
535
537
611
554
547
597
557
543
548
622
529
535
611
550
517
532
642
573
541
631
552
525
533
633
556
531
588
568
573
557
629
584
575
589
623
575
606
706
593
533
653
568
553
587
599
524
538
607
531
567
551
678
588
538
648
591
568
19751
544
616
568
560
556
608
552
559
608
583
556
548
611
541
528
605
561
537
545
618
564
540
604
569
535
541
622
542
542
610
560
557
541
617
561
535
568
581
548
532
622
553
536
586
569
564
545
606
557
564
558
605
535
564
605
562
535
553
626
532
558
613
570
537
574
617
554
580
652
597
582
678
623
550
554
627
586
547
620
565
541
535
622
548
541
584
572
574
568
620
552
534
593
567
543
558
628
554
554
19297
574
544
634
567
572
629
577
544
547
650
567
556
611
572
556
536
627
558
573
612
575
545
546
622
554
543
632
555
543
553
683
574
558
622
568
557
608
555
539
541
617
541
558
610
568
563
538
605
547
545
547
601
549
540
628
577
540
554
618
547
541
611
561
536
543
625
546
576
630
563
555
532
616
563
543
637
568
560
537
643
553
539
617
552
618
634
590
546
564
616
564
567
599
554
541
556
620
555
568
20250
650
565
563
580
606
542
549
615
566
19737
555
530
590
577
572
560
597
546
551
611
549
549
558
584
567
559
617
571
544
545
615
557
545
595
552
539
548
618
571
571
594
550
576
538
600
540
548
594
560
541
553
609
567
552
589
549
543
558
603
571
532
566
582
566
586
608
559
553
575
557
554
536
621
546
564
573
582
558
551
584
555
530
541
612
557
550
600
541
557
585
601
562
546
596
546
536
540
599
553
20375
545
625
542
545
566
597
561
564
627
554
539
566
602
546
560
615
562
549
570
614
582
543
609
549
547
581
593
572
549
601
563
596
610
564
536
544
595
543
547
584
604
554
558
641
575
553
605
558
551
549
612
565
547
610
558
579
546
618
538
552
615
574
537
541
644
557
548
591
601
557
546
623
574
549
599
543
539
543
621
550
564
601
561
554
536
594
550
536
554
604
557
559
632
578
539
547
606
552
549
19600
588
621
571
550
572
596
555
557
617
581
583
624
563
558
569
645
547
563
605
561
547
553
646
565
553
604
559
548
538
619
546
531
606
556
592
563
675
567
605
669
621
612
668
636
625
605
584
547
564
659
553
561
624
556
548
571
674
584
575
625
575
560
583
625
583
536
624
559
572
640
629
539
574
638
562
554
630
575
561
560
643
546
548
641
558
557
550
626
549
545
617
567
560
544
615
533
572
607
561
19479
563
516
514
575
534
522
521
599
509
511
569
527
528
541
586
508
508
509
578
508
513
520
557
525
528
559
530
508
520
554
538
560
532
656
539
566
617
571
522
535
616
575
525
573
546
523
525
602
537
520
511
599
511
554
576
558
529
536
595
533
508
519
615
509
522
553
600
542
512
598
533
537
511
606
509
530
546
565
527
555
595
524
508
524
605
515
521
552
556
513
524
597
537
531
523
589
521
519
517
20186
593
568
545
608
576
555
585
577
545
575
635
556
540
589
580
569
536
623
550
539
587
620
563
539
631
563
545
579
608
551
543
617
559
571
589
589
539
550
629
565
553
634
545
565
539
643
588
542
608
551
537
542
666
540
544
589
581
570
559
630
546
551
629
559
555
561
625
553
536
634
585
550
547
638
542
540
625
557
571
566
623
548
557
625
565
545
569
613
535
557
607
558
562
538
657
562
540
618
555
19045
647
562
534
612
543
536
549
617
547
556
585
550
559
542
617
549
525
569
603
534
540
643
558
527
564
618
552
554
624
541
565
586
583
559
558
612
560
576
568
585
531
530
609
558
549
527
616
557
528
625
605
550
577
626
540
547
629
555
541
551
617
545
557
647
557
540
570
604
540
544
613
541
523
540
658
545
531
619
545
541
531
639
531
556
615
550
574
542
612
533
533
590
578
550
547
620
560
535
601
19711
613
562
556
580
630
586
590
623
589
542
622
577
549
550
673
567
600
619
579
533
573
606
552
578
630
553
539
615
571
546
540
636
565
579
585
600
554
541
610
564
557
646
572
534
550
621
554
551
591
563
569
549
642
572
559
612
552
554
532
644
572
547
625
564
567
562
629
539
550
656
589
544
564
653
571
534
632
569
525
550
618
551
574
623
563
575
594
601
548
563
627
549
536
589
574
549
534
669
727
8959
574
626
565
554
659
564
548
598
635
556
547
654
543
562
617
554
569
558
637
577
558
631
562
549
563
608
560
554
625
559
559
567
610
567
566
619
555
558
571
599
546
562
645
555
576
589
574
555
560
605
559
547
605
600
549
547
615
572
543
651
602
587
610
670
615
583
678
652
582
645
577
565
608
601
569
546
621
573
579
639
629
573
551
657
555
546
641
579
562
591
608
558
562
653
586
561
630
588
567
582
634
562
561
614
563
545
562
634
573
558
627
566
591
601
597
545
550
635
587
549
604
583
555
570
613
567
558
621
556
559
546
628
578
545
622
555
570
552
625
568
542
611
556
552
556
635
563
548
631
568
542
554
628
561
582
622
600
549
574
596
559
561
617
568
548
607
566
561
542
633
577
558
618
592
555
545
640
546
559
625
584
545
560
654
570
597
657
598
584
678
631
568
545
659
572
571
633
566
568
19526
597
597
588
552
558
628
557
573
618
578
558
569
653
587
552
619
556
555
551
642
540
553
619
557
568
573
641
550
542
625
559
548
566
611
544
555
655
595
562
592
577
556
562
619
571
564
617
580
567
576
635
551
540
609
570
542
560
617
566
549
616
591
559
541
641
539
576
608
577
558
570
614
562
579
594
553
540
558
609
571
552
604
580
542
550
627
582
572
596
555
557
564
600
552
551
594
581
606
598
19433
571
596
569
549
629
544
544
546
606
544
527
611
553
552
532
646
547
549
629
550
533
544
645
543
528
620
558
556
548
639
537
528
599
578
539
525
612
530
558
585
604
557
529
633
573
572
596
609
533
558
627
546
573
626
549
544
531
606
550
549
589
580
534
541
641
586
533
586
573
539
536
610
561
538
565
601
552
558
613
559
555
596
575
545
542
611
545
526
579
618
544
541
631
551
549
541
602
530
535
19733
563
614
542
549
610
568
585
551
631
553
543
607
557
539
544
617
558
565
630
567
552
535
630
549
564
620
547
562
534
628
547
575
646
558
551
535
619
550
543
636
547
536
562
651
575
567
621
562
543
544
630
537
569
624
548
554
560
626
540
540
622
567
571
557
605
533
546
626
591
577
543
616
543
546
626
558
545
548
632
556
555
626
562
539
557
630
545
544
638
547
571
582
618
550
529
621
570
559
568
20006
612
607
567
544
623
561
543
578
603
567
540
638
560
561
588
575
573
552
612
573
538
572
608
556
533
631
557
547
591
582
549
537
607
552
539
565
604
554
545
601
576
548
577
586
548
571
623
550
558
536
594
550
538
630
544
552
548
637
554
541
588
569
546
542
613
543
548
603
565
557
542
628
552
539
630
555
556
549
619
557
550
585
586
557
563
626
600
602
662
592
584
664
644
560
555
632
566
565
643
19197
655
731
573
554
633
580
545
552
630
540
555
619
554
531
578
626
553
576
627
569
559
539
640
543
550
614
585
557
536
634
557
546
630
552
562
556
615
550
579
632
565
547
592
621
547
529
622
583
543
577
624
561
561
625
553
561
604
562
544
536
641
591
574
633
559
546
541
624
550
555
619
551
555
559
661
561
542
613
558
534
537
622
552
544
618
665
681
772
615
570
573
590
552
561
616
570
536
556
620
16500
566
613
555
555
516
590
523
517
565
579
528
537
605
534
506
512
594
528
503
551
563
526
525
578
537
537
524
579
530
529
526
577
536
509
552
553
521
524
597
537
513
516
617
519
521
561
546
535
535
570
547
552
509
587
522
517
566
536
511
519
600
540
515
518
576
516
516
506
590
527
556
644
561
575
566
634
590
529
605
530
529
540
588
530
506
532
567
516
548
625
553
557
555
616
549
529
559
611
525
19033
630
385
462
29
384
358
450
307
346
32
209
262
481
402
260
384
35
205
264
363
31
235
264
285
322
333
253
45
275
238
37
34
31
45
44
53
257
241
35
320
359
364
503
392
333
225
260
304
344
32
244
272
32
401
32
317
333
252
249
345
382
233
228
42
302
219
33
510
226
397
249
366
31
306
29
36
34
43
42
37
44
47
34
322
31
34
32
250
213
375
35
295
191
284
267
31
32
31
52
20466
715
559
551
635
571
563
608
575
559
542
628
568
575
630
591
545
551
638
586
542
625
575
539
560
670
566
542
651
563
545
564
614
543
548
622
562
594
580
613
533
552
618
558
543
579
603
560
558
638
571
562
621
560
569
570
641
547
566
631
589
585
560
652
554
551
624
553
547
581
610
552
541
630
601
561
588
592
552
558
629
575
560
594
575
559
551
626
555
554
586
592
585
537
651
537
530
626
583
572
19832
558
645
569
561
545
630
539
551
614
562
546
551
638
555
561
637
564
558
571
596
553
545
625
560
555
594
615
561
538
621
545
551
558
627
549
538
603
577
569
559
600
537
552
615
567
555
556
601
548
581
639
562
539
570
625
550
558
610
558
573
589
575
566
548
616
549
546
568
592
537
559
597
559
569
581
569
539
557
583
561
570
548
610
549
560
582
579
540
548
611
556
564
610
554
553
549
599
561
579
20320
604
557
567
633
546
567
554
575
550
568
596
541
554
547
622
581
564
609
552
544
535
602
547
539
592
553
555
566
595
530
529
541
604
536
571
611
549
569
550
617
562
541
601
548
548
544
607
562
565
590
547
582
568
606
551
550
583
557
539
548
611
550
552
586
580
551
538
608
555
544
582
568
548
554
593
551
567
574
564
547
567
583
558
561
565
611
551
537
596
573
549
536
623
547
557
576
549
534
543
19321
570
561
508
509
508
593
532
529
553
578
538
504
545
515
513
521
578
507
533
513
566
550
521
514
610
529
522
563
533
544
497
564
538
528
512
581
553
529
551
534
501
559
600
529
515
522
562
520
514
505
567
515
516
531
567
535
535
558
545
563
700
635
503
526
583
527
554
540
626
537
542
549
570
514
534
596
550
519
517
598
544
526
552
567
511
504
575
535
521
507
604
535
557
541
601
516
519
599
531
19297
674
571
584
665
602
581
677
620
573
539
649
553
563
624
574
544
553
631
568
551
709
564
534
618
590
534
546
616
558
549
597
574
570
537
630
580
549
620
552
536
562
642
535
549
596
594
541
557
643
532
538
594
612
536
541
634
549
542
588
593
537
526
613
571
530
594
563
537
555
651
563
544
578
601
541
545
616
535
541
572
598
543
539
621
562
538
549
628
535
539
634
572
537
550
619
536
557
638
541
