Execution time (ms)
597
18702
18937
19150
18972
19185
18882
19018
18386
19508
18264
20175
18787
19303
19265
18046
19343
18591
18334
19047
18982
18694
17998
19318
18172
19423
18591
18610
17650
18418
17422
18376
18667
18215
18776
18569
18448
18145
18183
18215
18642
18109
19248
18634
18531
18679
18542
18280
18189
18911
18801
18049
18496
17500
18953
18639
18380
18387
18382
18472
19260
18989
19115
18219
18905
18873
19273
19032
18778
18516
17902
17647
18233
18398
18744
18354
18553
19286
18128
18418
18318
19029
17353
18779
18156
18501
18651
19454
18871
18531
18758
18757
18316
18842
18691
17924
18319
16965
19065
18743
