Execution time (ms)
21804
652
555
550
568
655
559
549
615
569
543
571
635
541
573
639
557
573
641
636
575
608
716
582
545
659
587
534
636
554
545
538
646
596
530
612
583
547
570
684
551
534
646
557
552
552
654
561
551
682
597
560
599
587
535
528
630
552
548
579
611
545
590
644
542
558
648
586
550
560
649
558
553
621
594
559
596
595
541
541
644
567
539
576
620
569
596
643
543
571
585
599
550
547
646
540
550
645
581
541
19990
535
643
560
506
518
646
547
509
618
545
509
504
632
515
519
589
551
521
499
594
535
529
496
593
519
513
530
586
556
493
593
553
525
517
585
533
491
506
609
538
522
566
545
525
513
636
521
506
519
605
498
514
555
588
503
501
592
528
496
527
592
517
507
515
593
566
529
537
538
516
515
617
508
521
518
600
510
495
515
619
517
518
594
524
515
505
579
519
523
506
578
504
538
521
551
527
525
574
506
20041
556
552
604
530
515
538
575
534
537
580
597
538
552
581
533
584
746
683
678
562
534
600
552
529
598
549
573
538
590
555
575
580
564
527
535
596
536
550
529
18833
575
535
605
530
546
559
570
512
525
583
541
519
537
588
556
532
545
574
516
521
576
563
536
522
593
536
550
539
572
538
563
581
535
564
532
600
517
556
570
542
576
592
605
575
524
545
586
541
532
604
543
522
533
626
559
581
652
594
584
20406
652
590
529
547
610
546
533
608
569
544
532
627
561
539
599
558
543
534
601
568
543
590
555
543
571
627
562
552
618
559
530
528
615
553
561
581
597
558
551
595
558
544
569
574
526
529
597
565
564
555
656
536
544
607
579
531
522
620
543
538
602
611
557
539
622
553
540
628
554
544
564
639
545
554
624
559
567
537
619
535
536
609
536
551
536
639
568
557
641
580
587
594
696
585
558
639
572
555
621
20397
558
570
585
550
533
534
586
549
522
619
579
521
518
616
590
543
526
638
519
535
612
553
515
531
623
573
552
605
556
526
526
617
563
509
545
588
510
507
611
565
536
541
608
519
520
563
589
529
509
632
574
555
544
602
523
519
615
541
547
509
608
560
539
561
586
518
510
615
537
546
518
638
517
516
594
543
566
549
613
546
531
591
556
517
528
621
550
529
546
637
523
530
615
536
540
523
598
533
531
21045
542
542
629
551
550
564
609
548
540
603
537
542
546
594
552
538
581
592
543
587
611
569
531
563
572
536
559
607
569
582
658
711
545
547
618
548
537
535
649
533
560
683
553
557
546
643
530
540
637
563
539
566
633
556
554
617
540
533
558
603
562
528
603
563
558
599
606
536
543
640
548
540
563
608
549
535
605
571
541
539
640
587
529
616
580
551
556
608
558
559
627
556
564
544
598
558
543
634
557
20793
652
553
550
550
673
568
539
603
547
543
549
655
538
575
633
561
568
554
638
537
564
624
565
543
541
628
535
534
624
595
538
554
618
533
566
657
553
540
559
612
564
560
614
562
548
562
592
558
533
623
551
555
587
618
553
552
603
548
571
543
592
590
527
610
573
584
596
585
576
555
604
550
570
577
570
537
557
607
569
559
581
575
545
535
599
554
531
538
615
560
577
614
555
558
540
616
559
572
631
19742
629
519
514
570
525
537
530
570
541
538
518
633
535
524
595
521
537
526
579
532
516
521
580
540
542
611
573
511
520
581
543
528
512
586
533
530
588
544
525
505
581
543
544
520
590
526
512
587
548
538
568
616
533
537
543
547
514
510
593
539
518
531
617
547
523
529
603
531
511
583
520
514
512
615
539
529
570
557
510
532
563
518
524
512
565
552
532
537
603
553
567
601
556
572
548
620
588
569
592
20690
562
538
599
526
522
535
588
526
545
578
540
537
538
597
546
545
555
560
551
546
573
540
533
543
578
535
554
593
536
539
530
588
536
528
530
574
520
523
602
540
538
531
609
546
534
555
592
556
524
569
551
531
546
607
551
535
590
544
535
524
612
533
529
537
595
529
550
621
535
529
541
571
559
540
524
576
565
541
577
535
561
545
592
539
535
634
604
580
549
638
593
534
626
577
566
568
611
524
534
20707
628
548
538
586
546
549
590
551
544
559
594
561
561
577
553
541
538
587
548
556
554
583
546
569
593
564
534
550
605
544
549
593
552
543
539
605
563
547
587
558
560
533
607
537
545
587
537
556
568
624
534
527
564
606
553
534
608
561
554
560
619
542
569
603
542
547
536
615
529
570
595
538
566
599
603
555
555
608
541
530
534
603
541
540
600
573
536
545
636
544
557
550
583
567
549
593
589
562
578
20165
563
544
552
581
545
528
538
581
540
528
569
567
519
543
591
571
514
550
574
540
529
579
536
542
539
594
548
536
564
538
538
515
611
542
532
512
587
532
512
580
557
557
532
609
554
522
503
606
575
525
574
523
542
536
590
521
523
515
595
561
527
581
518
519
527
592
566
557
520
575
533
514
573
542
542
536
599
540
537
555
564
522
508
573
515
516
554
585
546
538
536
617
535
551
577
532
516
517
572
18153
539
551
551
543
531
555
596
518
535
513
579
534
536
581
540
528
511
564
526
500
511
583
523
528
513
622
548
549
672
688
657
527
520
600
564
529
545
560
516
527
609
552
538
512
583
559
527
542
570
542
517
603
556
521
526
604
519
515
524
579
521
543
597
534
534
537
605
529
535
540
549
522
516
590
613
575
526
642
528
554
621
528
526
510
604
533
508
534
604
556
531
615
537
520
509
649
512
517
576
21106
567
630
568
523
534
641
521
528
602
546
550
537
652
548
536
608
571
528
546
620
522
536
584
564
544
575
628
540
520
538
609
522
584
651
535
528
555
667
543
577
631
551
554
567
569
557
535
630
546
548
568
608
518
544
636
556
523
527
633
542
544
606
573
547
522
623
525
557
641
581
527
527
617
545
539
598
579
539
548
622
556
524
591
566
524
536
620
576
537
572
623
564
553
666
617
608
653
628
574
21130
593
550
606
596
554
568
656
565
550
614
559
547
575
631
548
545
626
589
551
571
661
559
579
633
560
569
592
589
560
569
622
571
540
617
579
577
563
653
555
563
607
591
564
582
632
569
543
627
579
580
587
594
548
571
620
577
554
607
602
531
539
629
576
569
632
554
553
549
696
569
576
645
599
569
605
555
555
576
612
594
603
689
601
610
646
580
574
555
652
568
557
659
556
549
575
646
547
566
661
20313
527
513
577
516
549
517
590
542
511
505
592
512
523
581
563
506
529
614
553
531
494
577
513
511
527
564
496
518
551
558
535
533
595
516
520
525
571
519
506
599
524
530
534
602
527
509
538
605
509
509
534
564
518
505
569
520
546
525
587
545
525
496
615
524
522
558
527
523
511
574
523
527
504
564
534
512
522
608
513
514
568
518
532
542
585
530
501
497
578
545
523
518
566
512
891
589
530
515
565
18905
554
596
581
535
523
621
539
546
575
548
538
566
583
563
547
541
611
539
560
593
554
520
551
595
551
529
595
557
553
550
592
543
536
569
549
540
531
598
537
547
544
582
532
557
596
542
534
553
582
562
519
543
596
561
550
578
556
529
542
610
541
540
598
547
547
546
576
525
545
582
547
543
548
593
534
549
562
611
540
530
603
575
536
539
593
561
548
589
540
554
557
597
561
537
548
553
530
542
577
21577
656
577
542
553
603
567
557
605
565
522
533
606
590
532
587
550
568
557
640
574
540
606
551
529
549
626
563
535
623
555
547
558
604
545
548
592
557
547
529
613
545
530
585
604
540
526
620
541
561
556
582
574
544
611
553
575
565
611
559
557
613
552
537
531
619
579
533
614
591
525
566
593
529
542
592
570
555
526
620
543
555
630
555
548
537
625
521
535
573
564
550
555
624
556
572
573
559
574
563
20517
594
538
530
614
538
538
596
564
527
537
631
576
532
571
635
703
681
624
582
535
539
637
535
593
616
558
536
535
625
534
532
624
581
570
549
661
564
525
611
573
521
531
603
546
538
569
577
531
552
650
550
528
561
578
518
543
635
559
524
532
647
557
534
611
567
527
529
607
549
557
591
590
547
532
628
554
549
606
560
534
522
626
531
527
598
607
551
569
700
581
573
678
596
613
642
607
611
585
657
21034
576
666
539
546
660
566
557
589
601
554
553
638
581
538
571
601
550
542
630
568
541
584
587
549
558
623
561
533
616
590
564
549
666
570
542
631
563
560
581
638
545
542
610
566
544
543
625
535
545
617
561
550
567
639
541
547
634
562
575
558
633
564
533
646
581
566
598
657
577
595
704
544
561
623
562
566
576
618
571
584
632
559
566
569
612
555
549
632
590
530
583
610
536
534
645
591
548
623
568
20815
580
622
549
598
620
558
556
603
575
555
549
608
556
545
619
599
542
552
633
597
572
609
554
572
551
634
567
567
625
553
581
541
622
535
573
630
578
547
562
618
561
545
618
566
541
555
608
539
550
616
547
578
565
621
555
553
645
555
564
579
607
558
572
620
578
555
596
567
556
558
588
556
554
603
551
574
572
609
545
548
614
552
556
564
583
577
557
610
593
544
560
595
590
576
606
552
558
552
610
20648
594
583
548
562
538
577
539
548
562
548
561
529
576
553
554
562
596
536
542
576
550
522
565
582
552
564
549
569
552
526
589
566
542
528
575
580
550
608
547
553
547
582
535
534
563
549
565
572
585
536
553
535
622
540
531
563
539
564
546
595
536
556
589
541
537
576
602
568
527
546
580
535
528
585
541
530
543
644
546
544
573
534
544
522
599
540
533
549
597
567
575
615
540
529
518
587
531
534
589
20727
523
498
536
520
495
489
556
533
523
506
567
499
521
524
499
493
486
539
522
492
520
535
532
479
487
552
506
499
491
564
503
486
519
562
512
527
507
541
515
483
521
549
535
488
516
519
532
534
526
501
530
488
572
502
517
496
541
528
488
486
554
520
508
494
568
509
492
495
541
497
497
506
551
504
518
516
518
506
510
537
505
491
505
514
527
512
496
542
509
524
501
542
487
504
508
553
496
495
500
597
564
611
635
557
557
589
646
579
568
620
612
554
590
587
572
558
599
557
575
618
567
564
580
617
569
565
601
584
552
562
600
559
548
615
611
566
585
617
560
587
605
572
562
602
585
612
586
609
570
589
622
580
600
560
627
575
582
649
596
595
609
596
566
563
624
566
546
624
567
598
595
605
569
560
636
589
579
635
581
581
553
660
614
578
636
562
569
616
607
565
563
607
591
579
616
573
568
598
604
20380
619
537
577
547
532
559
556
557
548
575
546
550
543
642
541
569
600
548
533
543
609
573
564
618
532
562
528
632
535
569
596
575
534
538
645
673
667
563
628
550
519
626
534
523
562
593
547
533
576
577
551
523
623
545
558
539
616
539
536
600
559
562
539
625
569
521
624
565
528
527
622
536
540
599
564
555
550
613
554
530
603
561
554
540
598
552
547
567
571
533
537
605
545
541
534
613
530
543
599
530
516
513
604
553
509
536
578
513
522
603
533
515
518
584
528
510
522
597
533
542
600
534
525
533
639
564
524
556
605
536
560
658
581
567
657
589
572
542
650
534
547
623
548
517
528
639
547
541
637
603
545
530
654
555
544
619
543
523
529
617
533
542
559
581
545
556
626
543
522
547
624
537
527
618
546
546
538
643
535
542
600
568
525
530
616
542
531
526
603
557
521
613
534
535
518
626
546
545
571
21105
562
630
556
556
554
607
551
532
615
544
524
557
622
557
530
630
544
570
551
632
565
579
675
589
584
624
590
541
595
660
555
545
597
580
556
520
615
535
527
578
602
593
536
634
556
551
609
554
537
526
608
547
556
582
596
536
562
623
557
529
554
608
546
524
608
561
562
611
571
544
540
630
537
538
531
612
540
582
624
543
527
562
633
566
571
626
553
541
529
653
549
537
622
562
541
560
629
531
536
20228
598
538
545
538
570
541
562
586
540
538
523
573
527
538
596
536
514
537
626
585
534
545
607
522
530
579
522
515
525
562
545
548
545
590
531
551
583
567
543
545
591
543
528
562
591
543
534
575
577
521
554
580
520
536
586
544
556
537
576
543
528
523
559
525
525
586
551
562
531
609
571
513
583
546
515
556
590
554
536
542
606
520
561
580
529
542
523
567
529
528
547
596
532
539
598
550
539
550
568
21274
590
562
529
557
564
525
553
548
568
544
556
610
546
544
549
587
540
547
576
577
536
541
584
568
557
576
548
546
558
565
557
536
528
564
522
558
586
559
540
528
569
546
535
574
550
530
545
604
567
526
528
595
560
574
577
573
571
541
582
545
565
601
561
629
635
563
527
560
593
554
546
545
616
540
526
560
551
535
545
560
534
534
531
605
574
579
587
552
519
527
560
554
564
562
544
532
537
569
560
21035
597
594
553
568
550
535
512
575
536
542
542
554
562
572
557
534
537
526
562
542
526
541
569
530
561
560
585
529
515
550
549
536
519
558
559
555
614
533
559
574
547
525
518
541
559
535
532
545
533
545
533
578
551
551
528
595
544
558
580
554
531
544
591
537
530
529
563
560
555
590
536
558
534
572
532
525
525
570
550
517
603
537
538
540
585
571
539
575
540
541
545
583
561
520
525
572
570
548
581
20992
578
599
528
522
529
568
528
524
510
575
515
531
568
534
547
531
577
533
514
555
568
516
532
576
541
534
541
612
569
541
549
640
587
566
638
588
532
558
611
544
530
603
525
514
538
569
531
530
540
600
543
523
581
550
541
532
562
528
522
582
681
657
537
575
576
549
518
580
545
546
532
607
545
541
562
551
535
537
604
537
525
547
612
538
554
625
578
573
518
629
546
556
622
541
520
514
602
530
552
20472
584
539
506
518
585
526
512
546
546
503
499
565
512
503
532
584
517
502
532
599
517
528
541
555
531
546
633
534
537
549
606
506
507
503
579
506
505
596
502
521
519
572
552
517
494
612
521
502
553
563
524
502
575
519
517
523
587
539
509
511
599
540
541
617
576
550
561
580
534
511
526
603
516
512
579
548
505
524
613
531
538
520
593
528
520
546
546
509
505
583
532
566
510
612
517
523
555
608
509
20609
651
560
545
527
638
544
527
622
578
576
521
665
572
532
661
552
550
554
610
526
526
620
577
570
559
613
538
538
624
539
525
558
647
556
534
647
578
524
551
637
532
521
612
546
548
520
630
536
604
656
558
546
541
641
535
550
605
558
545
533
670
578
544
641
534
553
618
592
554
532
643
565
547
573
605
527
528
623
550
526
563
666
545
529
657
568
555
553
599
542
527
633
547
531
540
638
558
540
614
20693
583
537
596
516
524
586
535
540
518
622
529
532
551
595
546
522
616
575
556
549
577
545
532
613
525
546
537
656
530
557
588
567
536
527
643
542
538
589
574
524
548
595
545
550
567
581
542
527
611
532
569
556
604
557
514
601
534
531
543
600
536
528
533
632
524
553
639
548
518
541
601
512
542
615
565
572
559
624
529
521
597
532
531
552
622
540
533
561
610
546
542
619
544
521
605
585
532
560
611
20758
572
645
579
606
566
629
577
565
658
567
570
577
578
554
552
662
570
566
605
591
565
554
646
565
591
621
559
588
575
622
549
545
637
579
563
621
589
558
556
683
575
544
639
556
561
543
623
546
568
629
582
556
594
617
562
561
619
563
549
611
588
568
549
649
573
548
615
569
542
574
628
563
547
625
559
556
572
629
540
572
623
573
555
540
648
565
578
640
587
544
603
650
556
565
689
588
546
621
555
20928
641
576
547
541
641
540
519
623
549
580
553
643
537
533
619
556
525
550
612
535
558
590
608
544
522
618
531
534
592
569
525
520
653
548
556
576
583
533
554
622
563
534
562
595
563
548
640
586
586
618
545
551
529
605
564
527
584
559
545
543
624
656
580
609
623
586
576
672
591
543
641
545
573
537
610
527
578
614
578
584
595
624
573
547
616
562
567
589
559
546
538
597
540
553
548
599
556
553
646
20883
533
621
542
559
530
606
20715
526
554
575
538
575
608
541
553
540
613
576
574
646
591
572
620
570
544
540
632
547
530
540
634
529
561
635
553
551
501
617
527
569
634
569
524
545
612
534
524
581
529
527
530
622
581
548
555
581
537
517
606
579
530
547
605
541
579
590
585
657
684
555
581
538
546
582
548
553
520
611
530
568
593
569
527
530
592
563
514
531
590
545
559
582
551
539
539
624
525
515
561
561
541
555
626
576
534
567
567
534
534
607
593
580
581
579
555
565
603
584
548
576
553
540
555
587
584
542
546
620
576
535
603
579
570
576
582
534
569
610
540
588
587
593
554
577
616
570
570
609
597
537
590
645
578
556
627
574
563
537
627
562
553
638
559
580
585
612
576
587
759
659
564
621
565
543
590
617
576
553
618
583
560
620
559
583
564
632
563
572
611
560
577
579
606
557
559
651
565
552
568
21376
564
635
562
540
629
575
536
545
599
575
545
629
547
586
564
629
544
549
617
560
553
557
625
550
555
644
560
567
557
606
534
555
606
544
558
550
625
559
546
611
554
554
548
625
536
543
623
565
545
576
635
549
545
620
551
559
544
618
576
537
631
580
539
559
646
586
546
605
571
549
625
578
571
592
619
568
548
602
554
575
548
632
544
567
629
582
553
555
624
569
549
624
559
575
572
634
546
608
608
20196
608
540
589
552
548
519
608
550
532
550
586
545
546
605
539
535
522
605
527
524
567
574
527
526
622
562
541
536
584
530
541
602
526
539
523
594
568
549
590
560
540
539
610
551
572
594
551
531
525
609
583
551
528
604
544
528
604
569
549
532
620
539
548
601
565
529
522
615
545
528
555
559
528
548
618
559
544
539
663
549
548
607
562
536
548
618
536
527
603
532
535
542
611
561
547
612
558
565
532
21326
582
604
549
564
548
581
553
550
599
569
594
543
582
568
552
584
569
557
541
582
545
543
578
577
549
563
602
555
789
608
587
545
562
639
554
554
594
565
574
551
608
544
555
617
543
563
554
652
584
584
633
611
596
625
617
644
647
631
552
571
666
574
533
586
586
571
562
686
605
582
649
582
561
605
589
529
560
636
551
578
578
607
546
551
642
560
544
629
598
542
564
641
562
589
615
578
583
561
625
20552
566
628
585
550
539
630
576
540
615
573
572
529
644
574
533
615
559
573
545
630
557
538
599
567
536
535
648
554
540
633
578
550
531
627
560
566
633
547
545
598
652
569
615
690
620
562
613
581
606
545
639
581
541
619
563
546
547
643
542
562
647
588
549
575
585
532
564
671
549
566
599
594
580
562
653
572
540
627
568
567
548
686
572
556
628
591
566
613
576
581
562
646
554
532
637
558
572
560
679
21017
608
609
543
526
648
544
554
573
616
566
545
652
563
569
592
566
554
548
606
569
534
575
601
564
547
627
547
535
579
574
558
535
615
547
560
556
631
539
543
629
550
541
554
624
539
559
617
562
576
555
609
534
544
630
562
534
542
622
560
570
634
575
539
572
617
526
542
618
551
540
555
609
566
579
662
673
709
570
655
575
550
619
564
556
539
640
566
539
634
557
542
540
632
579
570
590
557
584
584
20121
528
519
522
566
514
498
519
572
506
506
513
566
543
516
520
602
523
508
558
520
514
507
570
507
527
515
639
523
541
543
538
494
508
553
531
501
525
577
540
515
515
602
535
500
494
588
503
527
566
516
519
523
575
514
534
516
562
535
501
509
574
506
500
522
546
498
521
583
547
515
521
576
511
525
517
568
529
510
518
557
515
525
589
537
506
532
568
532
525
507
620
516
509
572
558
525
500
625
520
20295
567
568
553
533
547
598
521
525
518
579
540
532
592
516
525
567
570
532
534
555
610
541
512
586
564
533
546
588
534
531
539
560
516
534
606
532
546
550
603
508
547
562
550
553
531
575
518
505
519
600
562
517
567
567
524
537
610
533
524
516
607
526
562
614
529
517
511
577
536
556
523
740
534
527
629
529
537
542
627
546
519
603
555
529
547
601
531
524
559
557
528
557
593
543
516
545
599
529
531
20819
561
577
556
580
524
534
605
567
568
566
605
549
561
584
534
530
548
606
580
576
567
536
531
542
593
560
532
573
559
541
549
594
577
528
554
624
530
551
607
546
548
559
597
557
574
613
607
567
579
644
617
581
662
623
603
627
569
572
554
633
553
544
593
550
569
547
656
577
589
600
545
550
540
585
573
553
589
569
537
540
598
556
543
564
578
533
539
599
546
541
575
574
549
533
833
587
542
619
586
20281
554
551
551
515
517
568
540
553
527
601
540
531
722
541
534
524
562
536
550
584
590
541
539
585
544
547
528
577
543
525
571
535
528
557
575
579
546
543
564
525
554
650
577
561
594
640
559
551
594
566
539
545
587
536
526
601
536
544
548
591
560
561
581
549
570
520
601
544
538
534
586
556
535
608
589
544
563
586
546
565
576
555
560
535
578
545
557
582
558
528
536
588
530
523
533
596
539
522
579
20935
544
573
558
539
556
579
554
531
530
564
531
566
591
543
527
551
591
525
547
545
585
528
522
585
527
564
535
595
567
535
539
555
545
554
584
528
541
533
572
564
535
583
569
535
538
585
549
525
552
573
515
537
594
561
555
516
567
563
525
581
578
551
532
608
544
543
598
587
526
537
597
536
525
536
611
545
551
582
567
553
550
611
531
533
541
589
555
523
612
555
552
533
654
537
550
615
567
518
519
20409
563
531
570
619
557
550
602
570
559
544
632
548
585
596
562
537
542
633
551
547
622
579
573
527
607
551
532
605
553
563
530
638
561
540
587
570
535
584
636
594
537
593
579
576
547
604
546
557
591
566
539
561
612
540
552
593
598
571
537
626
555
533
584
564
547
575
641
555
547
638
672
733
576
560
632
535
560
624
570
559
576
654
577
549
650
553
526
604
575
555
565
661
538
578
628
558
548
547
659
541
549
666
546
578
570
639
554
536
647
552
537
576
594
552
540
631
576
593
602
599
541
560
631
563
568
634
574
552
581
666
558
560
621
574
550
573
629
554
558
648
579
586
625
591
540
562
627
552
556
609
567
557
542
685
563
583
658
549
541
584
589
564
560
650
574
568
599
602
547
555
648
572
549
644
555
576
558
688
559
576
622
566
559
592
604
583
537
649
557
568
626
562
551
541
666
540
549
619
559
17745
538
500
522
608
519
515
576
549
497
515
601
524
525
524
602
520
506
527
605
506
498
571
554
549
531
636
523
512
522
567
543
534
593
536
508
520
599
518
510
512
593
535
516
596
584
533
501
599
533
506
521
608
511
516
557
537
541
527
599
529
528
506
604
535
516
553
550
520
518
602
565
520
517
607
522
527
565
560
538
522
601
528
531
501
656
544
527
621
584
555
568
666
567
566
686
565
525
517
663
21418
687
558
554
612
586
566
524
632
559
548
602
559
557
550
663
550
541
613
566
555
532
635
532
556
603
569
555
532
619
566
551
604
585
544
536
654
562
558
595
548
592
567
658
548
539
636
575
541
579
611
548
548
647
572
574
557
584
577
538
602
551
546
580
575
535
539
615
559
530
542
640
573
574
672
604
572
601
684
542
541
614
608
587
594
570
555
530
621
557
531
587
582
554
557
627
563
528
570
593
20723
569
619
568
554
641
557
571
548
629
563
541
629
578
533
542
668
530
552
618
553
575
558
617
554
561
641
541
553
535
620
573
539
629
608
541
538
652
564
546
619
562
541
591
585
558
585
623
559
540
578
613
560
543
638
550
539
579
608
566
526
622
567
538
581
562
572
583
629
569
575
593
581
554
549
628
556
542
599
547
558
526
637
570
553
588
580
537
531
607
548
550
571
595
559
553
603
562
544
577
20418
566
570
563
582
529
552
604
566
551
616
629
530
567
625
584
535
573
602
536
572
609
571
558
585
624
538
535
638
558
551
586
576
570
527
660
556
545
604
561
530
554
639
578
545
613
570
569
552
617
536
553
618
556
541
534
617
548
528
610
579
545
522
633
582
543
587
592
545
546
609
576
568
585
565
539
531
626
558
542
590
577
545
533
642
552
553
591
589
556
536
638
553
552
557
611
588
570
619
542
20574
644
20258
589
535
507
559
505
502
511
582
527
509
534
525
533
509
591
523
526
504
570
533
534
519
588
505
500
572
521
550
518
599
523
520
522
552
503
499
499
565
529
499
544
545
536
514
542
509
539
566
545
521
516
516
561
519
559
688
713
518
516
532
550
506
505
569
572
500
497
617
584
504
523
661
525
518
556
561
510
503
644
519
500
514
627
533
519
585
524
518
507
611
528
516
511
603
515
541
533
21485
589
652
581
547
630
577
539
592
600
551
547
637
611
607
625
559
549
548
641
560
539
629
558
590
560
637
568
544
616
557
552
585
584
553
565
631
547
567
594
639
572
579
725
614
578
689
649
550
625
611
555
564
657
546
542
631
583
582
602
686
557
556
670
584
533
619
576
560
554
654
576
555
639
596
532
570
629
536
574
665
581
586
586
587
559
547
663
562
544
639
575
544
544
648
560
539
639
588
537
20392
628
553
534
525
623
520
538
591
561
524
547
670
523
541
577
583
537
539
612
571
531
571
586
530
552
612
545
522
530
683
568
542
671
595
594
630
629
562
543
658
538
529
582
597
533
522
610
567
523
572
603
539
534
624
576
533
567
627
532
539
628
541
553
557
625
519
540
623
587
548
555
605
554
538
632
574
545
558
619
522
536
636
551
539
554
636
544
561
650
545
532
530
632
529
542
605
572
537
546
20652
569
585
585
556
531
532
581
545
534
567
532
556
525
590
528
549
548
587
528
566
565
545
528
535
584
522
537
540
613
539
529
581
540
554
519
579
547
564
544
575
571
550
587
539
519
533
593
550
524
574
547
527
540
578
539
557
547
608
534
543
567
550
538
557
565
537
544
535
545
563
514
593
523
546
534
592
552
527
557
585
564
522
583
544
527
559
591
579
538
596
543
533
547
589
537
555
593
542
532
20878
598
566
569
610
575
546
606
578
576
564
587
581
544
587
583
564
556
602
576
566
590
576
593
570
602
559
576
604
563
550
551
617
572
587
620
549
569
551
612
545
549
617
568
573
555
624
563
549
611
564
578
557
605
547
596
598
579
593
583
594
561
576
601
580
545
579
563
572
555
605
588
549
580
581
549
591
632
584
543
602
571
569
562
605
556
556
593
557
555
555
612
561
540
589
618
575
570
635
557
21055
601
535
559
606
545
538
528
618
522
526
629
548
540
524
617
533
526
542
555
521
529
577
546
546
539
616
552
542
600
541
528
548
609
555
523
566
581
543
520
634
525
543
524
606
527
540
595
555
533
573
591
551
526
544
557
536
521
603
544
548
523
613
530
540
591
577
567
521
585
533
525
523
608
512
524
579
545
540
579
605
548
526
560
550
534
534
590
534
555
559
630
544
573
610
543
520
545
586
542
21273
585
523
545
606
543
521
578
577
527
556
616
529
517
512
587
516
545
536
582
552
528
581
529
526
513
595
552
524
596
519
528
565
615
553
555
556
695
612
690
715
562
572
653
626
554
527
656
539
519
569
579
543
514
594
577
558
642
576
544
547
628
542
541
569
577
515
516
600
584
606
698
671
544
535
657
537
505
576
567
555
538
621
538
544
574
606
531
540
650
561
521
550
577
527
505
579
567
529
515
20446
589
545
544
664
564
561
636
557
567
560
631
567
531
634
605
589
645
644
612
548
665
567
573
646
575
573
627
584
559
562
644
542
552
625
574
549
566
644
541
557
653
570
537
549
636
578
552
665
564
553
598
594
578
580
643
553
540
593
614
555
556
643
548
542
646
566
540
544
646
584
569
639
565
543
563
646
534
576
628
580
543
602
615
537
561
626
547
557
602
602
565
555
652
571
553
611
573
557
548
20662
564
535
573
601
534
562
642
528
530
577
623
564
536
629
590
533
590
563
542
554
609
573
560
598
587
548
517
629
572
550
594
579
548
541
632
546
562
605
560
542
553
637
567
539
602
570
554
543
623
549
594
639
561
551
557
635
555
550
640
578
539
535
630
542
534
622
553
526
539
643
554
557
610
564
552
551
636
536
549
607
573
548
529
618
566
529
607
555
545
568
626
542
531
590
534
567
545
596
536
21002
668
543
543
613
543
540
526
606
556
547
577
594
555
528
610
542
532
553
624
596
557
689
573
560
624
549
558
571
622
532
551
600
560
572
562
680
543
546
601
588
548
543
618
595
533
631
541
562
544
608
557
542
579
569
533
530
598
557
541
613
569
531
530
636
580
541
533
641
532
546
634
567
538
546
635
573
533
607
557
542
556
618
534
546
610
591
532
545
622
524
551
603
555
538
562
610
575
554
590
20977
585
613
583
558
524
621
551
540
592
578
550
536
622
565
571
581
555
532
542
609
577
557
582
572
552
539
632
599
529
570
569
537
535
596
553
550
533
607
528
587
625
541
524
558
609
546
533
602
563
541
529
639
577
532
584
572
527
529
614
567
540
668
590
549
555
606
580
539
602
556
560
565
600
534
538
566
615
546
543
611
545
524
553
598
563
547
590
542
551
566
578
536
546
600
540
550
525
592
545
20541
596
582
601
551
628
589
563
600
557
555
574
609
556
574
587
584
537
556
613
580
541
611
546
557
534
615
557
534
572
565
583
584
604
553
556
584
558
557
549
610
545
569
573
618
560
558
596
548
544
564
605
543
545
612
557
565
573
595
547
556
604
574
551
553
583
573
557
606
581
533
530
596
549
565
604
557
562
563
601
560
563
605
570
581
557
597
590
552
603
587
546
539
652
559
546
598
553
557
582
20819
547
535
20315
520
517
516
522
511
541
701
732
542
507
502
598
511
509
532
568
544
519
607
550
504
495
568
508
524
512
591
513
507
540
530
534
509
565
512
509
541
584
548
522
511
563
541
499
521
558
508
500
581
504
531
502
567
500
505
538
579
504
531
489
566
520
492
520
554
507
503
562
520
535
524
579
517
515
526
573
518
535
569
535
505
502
556
502
499
530
573
530
510
497
602
542
505
513
580
526
20685
598
555
548
534
604
559
557
557
550
529
544
600
540
537
531
601
569
537
618
538
526
550
583
526
532
570
555
550
579
641
539
530
525
599
532
523
582
583
531
546
621
557
534
594
531
528
549
598
548
545
597
611
537
542
638
575
538
560
582
533
525
614
526
543
524
659
552
550
602
554
539
538
617
522
566
587
565
542
540
624
538
547
575
579
577
539
613
530
560
17672
530
505
596
501
513
522
594
502
489
19972
562
576
508
508
556
558
522
515
608
516
510
539
623
506
529
571
566
528
499
618
521
506
530
620
517
526
561
553
541
517
595
542
523
544
605
522
497
569
539
559
511
602
529
528
548
597
535
506
576
532
513
511
616
529
533
508
625
518
513
523
545
558
549
669
632
570
631
548
510
516
602
564
522
522
598
528
507
537
606
512
507
592
539
522
536
580
535
515
558
549
511
524
597
527
514
521
636
546
542
21183
606
540
606
543
545
518
598
539
518
567
552
533
546
625
531
537
543
586
530
572
610
570
545
535
632
548
516
586
528
552
539
603
559
547
559
560
539
567
597
547
539
519
634
554
528
606
560
524
536
658
540
514
581
546
524
525
610
538
536
563
577
533
541
609
568
530
534
612
538
524
574
545
540
533
627
588
525
589
559
539
552
585
538
528
539
603
556
538
578
584
527
516
624
539
519
593
574
545
533
21104
572
549
633
545
538
590
538
540
539
617
551
533
579
557
540
556
608
565
567
564
592
568
558
629
540
536
538
653
578
558
602
548
547
547
612
549
532
600
538
549
555
632
570
534
619
539
540
544
624
532
556
592
584
541
529
615
565
547
621
553
554
535
615
559
560
567
600
550
543
598
539
551
575
562
566
538
614
572
541
578
591
538
530
610
592
535
572
636
548
545
614
557
536
593
597
553
537
622
541
20422
578
623
567
530
573
592
547
540
614
549
529
539
630
537
543
612
552
544
557
635
567
523
599
579
545
552
624
550
540
622
562
544
536
634
554
546
609
579
528
525
636
542
570
602
588
530
541
634
527
538
576
569
544
539
632
558
554
584
604
545
546
620
572
535
597
569
560
547
608
555
547
590
585
538
520
613
558
538
550
641
562
531
612
542
568
540
607
539
554
627
536
550
541
686
527
549
640
546
538
20997
558
543
526
597
537
538
545
579
525
567
610
538
534
542
612
526
546
597
530
520
519
600
565
543
544
584
554
547
608
529
518
533
598
549
559
590
553
529
537
591
540
534
546
594
532
531
618
576
517
530
639
522
542
600
575
522
541
609
551
545
569
569
514
533
634
571
575
602
624
616
601
707
603
534
635
536
547
549
646
540
529
595
550
542
562
648
561
518
586
565
543
538
617
547
532
554
591
554
527
20250
638
566
546
594
555
539
521
595
560
540
571
590
536
535
606
567
527
526
614
530
537
607
551
550
531
604
531
552
568
560
537
541
604
543
544
557
610
559
558
596
557
553
541
596
546
570
595
541
537
518
596
544
550
565
586
527
555
601
562
564
592
665
597
593
634
550
555
607
585
534
533
606
545
537
562
557
556
547
610
573
581
572
548
519
537
615
536
541
555
599
563
541
607
649
673
569
606
525
533
21235
552
530
653
525
539
613
551
539
557
650
523
512
620
528
543
532
624
527
549
584
586
524
540
590
545
528
539
629
522
524
580
540
537
551
587
537
554
582
549
525
543
608
543
539
532
621
536
516
583
536
553
549
581
570
546
559
570
538
533
580
548
513
552
606
524
546
570
535
535
505
600
560
538
507
621
520
532
585
540
513
551
603
557
534
548
568
523
530
599
552
529
547
603
566
513
561
564
522
540
20384
612
547
526
589
555
569
596
592
543
547
606
566
560
545
602
535
538
620
553
528
536
598
557
543
585
602
552
552
629
537
554
587
550
546
529
616
572
583
614
543
540
535
602
572
561
572
573
526
541
623
558
560
570
587
546
534
606
550
550
543
614
566
573
603
551
526
564
614
542
550
602
559
557
540
639
577
574
618
577
539
547
617
536
554
638
562
588
561
601
555
550
594
528
544
534
609
538
543
585
20590
573
560
577
573
550
556
579
532
541
583
557
548
534
576
527
561
627
560
567
540
586
560
556
574
558
535
548
598
573
600
572
552
533
569
583
561
533
549
574
544
600
571
546
537
528
611
553
564
601
547
543
541
594
586
556
613
560
548
582
575
552
534
572
549
543
570
569
549
545
574
556
550
534
578
553
567
533
592
579
523
565
545
551
539
559
538
551
550
571
553
610
597
563
539
569
622
562
554
600
20199
581
573
517
542
546
520
558
526
522
513
558
536
553
542
581
512
525
540
526
539
528
543
533
525
530
596
559
523
532
577
525
516
543
527
510
518
561
534
535
566
549
527
529
534
533
764
590
555
559
529
565
568
563
537
582
531
536
534
549
529
524
558
535
567
533
595
555
571
558
630
572
556
622
590
521
531
597
553
534
576
537
547
500
593
522
514
522
600
520
547
623
542
527
519
598
532
523
553
596
21469
709
607
599
618
587
539
565
636
551
561
611
595
543
538
628
538
553
616
556
540
544
619
556
578
646
552
561
555
617
559
543
624
563
545
543
624
555
550
629
555
551
540
640
580
547
645
572
543
566
607
549
539
597
581
562
557
619
559
552
614
589
557
584
605
556
539
611
580
549
577
598
577
555
633
567
566
626
556
548
544
596
563
537
583
589
545
563
601
556
550
632
551
559
572
680
590
578
682
573
20946
644
558
571
551
657
567
550
628
547
573
556
580
529
542
604
550
544
554
611
532
539
608
553
540
570
642
542
544
601
598
559
530
613
530
544
603
543
572
557
586
556
572
587
552
566
541
612
567
536
598
558
542
565
616
603
530
577
566
552
547
604
544
552
584
601
555
545
627
552
535
534
604
544
555
617
575
541
583
641
565
531
590
560
547
534
612
541
543
626
566
560
567
608
543
558
639
558
538
547
21111
587
584
581
546
553
618
568
572
589
557
547
553
591
553
562
581
577
565
589
597
557
573
594
572
548
539
595
550
545
566
609
555
551
611
570
564
585
545
561
553
599
589
595
598
558
559
564
595
552
575
576
561
553
555
610
581
563
580
569
559
567
624
557
570
600
555
578
588
629
560
539
601
578
581
584
592
543
565
611
560
547
558
621
546
537
604
597
546
545
617
591
555
609
562
548
570
591
571
553
21200
594
588
611
563
539
677
585
564
555
637
545
543
636
578
578
608
603
557
556
642
557
552
594
573
547
549
611
557
557
625
579
557
551
636
569
553
785
653
558
619
588
586
571
626
546
558
639
568
566
583
574
562
556
615
562
542
566
614
561
558
635
563
546
588
560
562
576
618
573
558
598
564
550
560
609
558
564
636
596
565
543
605
556
564
610
564
555
544
621
562
556
598
613
554
554
616
539
556
620
20223
574
555
589
611
540
556
609
544
564
550
600
549
544
626
560
563
576
594
580
533
611
542
527
546
632
549
597
619
542
543
554
609
540
526
612
549
533
564
637
552
554
610
582
559
552
601
521
537
624
563
589
550
626
556
544
601
540
550
535
612
534
557
606
581
539
528
639
536
538
593
571
533
557
639
576
555
631
567
559
541
623
635
678
685
542
531
622
563
532
544
650
586
588
673
595
572
654
647
645
18575
627
528
532
529
594
534
515
578
547
529
516
616
538
512
547
561
558
508
578
527
519
515
608
526
524
526
597
517
533
556
544
506
554
603
534
523
518
594
511
510
573
539
541
517
605
548
514
522
612
513
508
543
550
539
511
602
540
529
526
615
531
510
547
578
518
517
588
528
543
548
627
519
533
542
567
571
558
635
639
683
530
639
513
528
563
570
538
513
606
552
551
556
660
540
589
659
572
522
525
20172
641
539
546
651
570
21268
640
582
593
638
563
559
589
578
528
537
661
568
553
633
556
565
542
659
530
550
633
552
544
533
645
570
536
631
561
585
554
649
544
528
616
543
564
598
678
594
581
745
537
576
633
565
571
552
648
559
540
658
555
527
560
605
541
560
651
580
545
572
623
549
535
642
550
657
738
570
586
601
608
535
551
651
551
560
582
595
547
537
685
548
547
619
572
528
542
621
567
563
618
20568
559
547
609
562
555
574
586
555
534
644
544
533
556
601
555
551
618
614
571
633
598
608
593
647
543
559
664
576
554
541
631
536
560
626
559
550
533
640
563
556
643
561
553
587
587
556
556
617
588
563
557
631
551
539
619
550
527
554
628
547
543
604
559
551
582
606
556
557
632
563
571
593
589
563
546
628
600
566
633
576
550
543
653
543
566
617
551
587
551
630
561
533
612
567
532
541
621
541
529
20622
582
528
551
636
561
537
608
558
529
539
617
571
523
555
619
585
563
617
556
545
557
624
551
549
640
551
537
575
615
562
553
629
555
573
589
595
568
533
622
570
563
581
580
531
558
611
564
532
585
581
556
555
640
581
526
603
578
550
532
614
574
547
594
548
577
554
621
558
562
601
543
535
546
610
572
529
581
612
531
538
621
583
537
587
598
540
549
617
557
567
570
585
555
558
611
561
538
574
576
20914
609
616
540
245
380
359
40
436
340
29
32
259
247
34
285
266
30
261
30
40
34
49
301
29
32
291
33
32
32
291
32
34
32
50
38
368
34
32
309
31
30
300
33
36
270
383
31
39
31
301
35
311
281
403
30
335
32
325
34
442
455
268
258
30
347
30
30
36
322
41
46
272
309
284
318
275
301
358
298
31
32
29
257
291
30
299
289
429
37
322
269
264
282
366
30
34
375
270
37
21707
564
557
539
610
564
545
609
567
542
579
645
566
569
609
558
536
554
609
568
605
593
585
537
540
650
541
551
618
559
545
561
616
543
562
615
558
559
541
653
561
573
663
573
547
571
628
558
544
644
570
551
605
598
547
535
631
551
555
604
585
543
537
662
570
580
601
579
545
538
649
570
542
612
564
548
536
620
539
541
618
576
600
554
639
549
557
640
558
552
717
606
564
541
645
573
556
601
563
574
20344
662
559
544
577
647
543
540
618
575
528
550
642
555
532
609
579
556
577
634
552
532
607
545
538
529
632
548
537
597
563
550
550
606
548
539
565
605
550
527
631
551
557
557
578
534
526
602
569
527
536
648
551
582
619
540
531
529
636
543
527
577
574
544
521
608
573
545
581
579
531
539
629
541
531
563
628
581
582
641
594
569
705
681
708
611
636
576
631
734
550
562
633
570
550
587
614
529
524
639
20753
576
571
613
539
561
636
554
547
567
640
555
558
617
550
527
550
619
550
538
639
549
540
550
644
557
527
611
559
526
565
618
527
553
651
571
539
557
627
542
565
624
569
557
566
606
537
538
635
542
568
585
609
543
538
637
558
537
582
600
547
538
645
578
551
574
578
544
528
631
549
529
535
664
573
602
674
591
627
640
563
540
572
672
567
583
652
552
530
595
598
551
540
622
596
558
597
609
523
529
21106
540
571
648
570
534
616
576
553
547
658
549
545
640
539
531
528
643
534
598
688
564
558
572
575
550
552
625
567
519
555
616
538
535
641
566
562
552
623
548
541
629
571
526
546
635
555
543
609
548
545
543
630
535
543
604
594
547
549
663
552
538
626
548
535
545
644
532
529
616
562
580
575
630
546
555
635
561
532
574
589
537
528
613
589
526
563
648
531
535
599
586
548
527
638
553
549
635
559
537
19655
581
610
538
541
522
600
530
539
548
636
540
528
615
561
539
535
625
536
550
588
554
542
542
611
534
554
610
567
541
533
599
542
522
562
585
551
534
615
564
529
530
641
529
532
601
562
548
553
626
542
543
594
550
545
542
612
538
544
581
555
569
541
609
558
531
532
562
546
538
578
537
532
542
594
558
545
575
558
538
542
588
544
542
539
585
538
538
588
547
569
551
596
536
523
540
552
545
525
595
20683
565
558
595
548
529
589
566
537
531
593
532
531
558
554
573
538
601
570
578
574
589
579
555
611
580
525
558
577
559
546
615
536
539
548
598
548
531
588
546
532
527
618
566
537
576
551
561
541
586
545
572
559
565
569
555
602
556
540
525
626
543
528
598
545
538
538
597
558
542
594
553
578
563
580
549
530
552
577
553
565
621
545
550
553
613
548
540
572
553
536
531
616
551
547
572
540
521
568
606
20510
573
559
588
557
529
590
563
556
531
582
548
542
579
568
535
528
599
561
558
532
622
562
540
598
552
530
540
619
604
575
587
551
543
532
583
539
534
608
571
576
569
631
560
550
613
579
526
529
597
564
573
545
579
529
538
619
574
540
566
607
544
540
594
552
565
538
610
563
559
592
560
540
526
663
615
569
630
618
614
566
614
548
561
612
564
566
551
586
563
557
624
546
571
567
613
575
585
592
560
20452
558
595
563
532
553
562
551
536
573
538
527
555
612
553
528
579
534
551
556
568
546
562
541
574
544
540
602
546
550
538
600
531
521
598
545
520
546
630
543
523
529
611
541
523
601
541
524
533
621
573
528
567
561
532
542
604
557
532
533
604
567
554
612
568
535
537
665
717
632
629
541
538
553
610
575
548
580
567
525
531
623
566
530
540
592
545
523
616
558
549
537
610
552
536
616
555
524
562
613
23207
657
560
558
562
618
534
540
621
558
554
537
636
551
519
635
541
527
537
633
577
538
583
567
547
549
642
568
564
601
568
527
526
600
545
551
568
604
566
543
654
545
552
570
584
533
529
644
558
552
600
567
530
547
622
589
543
600
578
542
537
614
584
536
561
592
551
541
622
558
535
560
636
550
545
618
538
537
522
624
534
524
608
563
534
550
637
567
551
645
562
528
568
656
558
545
612
550
554
560
20552
699
697
651
561
577
518
513
624
545
540
510
602
534
518
570
555
521
509
603
529
540
575
624
526
550
598
522
520
517
599
538
514
535
592
514
538
608
531
516
528
604
543
527
544
561
562
507
596
533
510
520
628
545
543
589
556
538
531
592
546
508
518
615
534
510
564
534
534
519
585
529
515
519
588
538
510
554
551
541
527
604
554
525
507
595
554
506
545
575
537
508
596
521
527
522
602
579
547
577
20825
638
555
641
554
543
592
594
544
573
594
568
565
600
584
584
564
573
539
550
615
587
561
564
595
548
541
635
610
550
598
571
548
536
619
555
557
551
623
573
583
616
547
551
575
598
589
546
604
544
563
621
594
546
568
643
546
553
604
563
571
552
607
585
567
605
573
566
582
614
569
577
597
562
547
547
634
560
560
615
558
573
547
614
578
549
602
584
563
580
571
544
588
598
556
613
657
561
563
542
20142
616
564
541
612
595
551
540
606
572
544
594
581
534
552
621
572
559
607
561
553
549
598
545
561
602
566
542
541
634
599
559
602
541
569
540
594
571
563
589
587
559
589
632
571
544
622
563
543
554
642
599
538
635
592
530
533
615
536
576
608
560
550
565
640
550
577
616
557
539
535
633
539
547
616
578
562
535
655
575
546
632
565
573
614
578
540
565
622
581
550
660
560
565
541
636
550
571
632
551
20652
559
598
534
541
575
584
523
508
592
533
515
520
623
511
529
576
550
551
533
626
529
530
577
562
539
528
587
539
516
514
620
546
512
585
538
528
510
597
560
529
511
595
564
573
576
535
507
520
630
520
526
513
605
540
513
599
568
527
527
605
528
535
531
586
524
529
586
534
544
527
577
530
533
548
607
533
522
626
551
537
527
608
533
527
564
554
523
547
580
528
521
529
611
551
569
591
545
541
511
