Execution time (ms)
66027
64906
68056
62375
62773
62487
61073
61680
61822
62035
62092
60509
61232
61422
62066
61474
61167
62040
61929
63821
61288
62952
62528
62430
60929
62366
61971
30597
62313
63282
59224
48764
61920
61760
24648
62024
62778
60852
62179
63163
64086
61265
64872
61716
60608
59155
62945
60414
62928
63320
63115
62522
63276
62553
61867
62845
61392
63949
62308
62121
61965
62277
58203
62988
62830
69873
63428
63600
61745
60510
62678
61541
62149
60869
62025
69384
62059
62858
79246
63331
61613
64250
61270
64192
62208
61041
63884
60437
62189
62465
60763
63185
63296
60825
60358
62497
62006
63694
62808
61674
