Execution time (ms)
68194
65121
65978
65965
65479
67381
66367
66694
66790
65065
63108
69206
64134
64691
65884
64904
62979
65275
49765
65904
65129
64035
66495
66187
66745
66686
64060
66461
65428
65628
66454
61885
65942
65013
65211
65969
66460
66750
66596
65903
68238
65702
49298
64830
63032
72189
65197
66032
64105
65933
66017
84021
61031
66157
64361
65795
65851
64950
63960
65023
63996
75984
99939
67323
66589
62487
66943
64397
63865
65707
63333
80698
62651
66130
65045
61329
65853
65465
65389
62967
65377
64174
65883
67322
66427
64932
66033
66240
65940
67222
67025
66587
67545
67461
83043
76972
65241
66163
68618
65257
