Execution time (ms)
21637
21259
21213
21276
21159
21373
20875
21217
20659
20981
21083
20738
21039
22109
20843
21488
21633
21728
21225
21157
21487
21418
20929
21078
20851
21541
21111
21180
21050
21166
20900
20206
21658
595
21078
22967
21366
20834
20598
21308
21326
22175
21650
21223
21716
21353
21732
21787
21973
20607
21554
20187
21478
21480
21083
20575
21385
21462
21590
20827
21173
21350
21417
21197
21550
21425
21752
21477
21367
21377
21000
22522
21908
22436
21716
21568
21925
20986
20420
19034
626
20665
21340
21373
21557
21979
21267
18279
20642
21322
21090
21025
21079
21069
21153
20995
20922
21300
21503
21201
