Execution time (ms)
71665
70823
71000
74993
69807
72003
72014
72377
81107
72967
71182
72185
70327
72758
71984
71496
72267
69873
71617
71411
70695
72010
87104
73394
73557
71716
85884
71277
72974
89667
72751
71915
88776
68229
70327
71644
70604
71545
73178
69767
71734
72499
72801
72663
72902
67726
67724
70589
70516
88809
71360
70083
70659
73023
73056
88170
70743
71457
70542
72334
73509
53077
72478
71614
72845
70504
68508
70585
71577
74063
71113
71876
72077
71922
71216
71481
71153
70608
71404
69431
71058
71607
72610
71439
71184
71094
71857
73011
72621
75431
69898
71553
71831
71182
72768
71443
72491
72620
70090
70926
