Execution time (ms)
23554
24231
23391
23140
23174
23900
23876
22770
24726
23108
23221
22732
22732
23174
23167
22796
23559
24042
23051
23093
23702
22955
23094
23112
22650
22730
23566
22824
23157
23370
21675
23860
22849
23198
24285
23466
24013
22899
23066
23472
23108
22992
22597
23183
23837
22969
22655
23095
21625
23514
22512
22957
22051
22448
23653
23460
23002
23171
23012
585
589
23188
20918
22823
22278
22986
584
22194
22539
22963
20644
20857
22909
23064
23496
22489
23371
23194
23771
22134
23243
22984
22774
23504
23187
22717
22725
22889
23260
21530
23722
22955
22931
22366
23123
22802
22619
22453
23239
22437
