Execution time (ms)
60894
60082
58952
61290
60181
60483
62190
64177
61290
61349
58774
61034
59674
60993
61373
61706
60596
61540
60992
62223
60359
60760
61266
63303
61756
60820
61273
59981
61922
59922
59183
61663
61681
69737
61639
61763
61274
61581
61922
61909
61171
46297
71674
60788
61175
61132
60472
61367
61310
61303
62506
62231
58957
48105
59738
62052
60154
60959
61442
60791
60991
59905
48681
59289
61496
62013
61948
62441
67991
60468
63165
59962
60687
62559
61132
60061
60121
61675
60311
62119
61835
61229
62744
62854
61421
60262
63482
59691
62265
75178
61390
62454
49005
60129
62209
60752
61596
60449
60032
61441
