Execution time (ms)
24387
704
616
701
632
600
683
607
580
639
676
646
667
685
634
616
699
636
588
735
618
594
663
661
649
704
587
581
691
597
628
677
613
621
669
673
651
654
624
606
661
668
599
594
697
615
613
662
639
580
665
601
583
608
670
600
644
682
596
636
667
604
606
689
599
655
738
680
607
700
639
576
679
640
690
655
632
591
615
673
599
603
701
608
594
671
642
591
677
638
578
711
604
576
665
630
644
685
749
636
23698
662
639
593
649
680
615
587
607
691
587
583
654
601
607
709
616
586
629
620
588
615
644
674
606
677
605
589
665
591
622
642
575
628
596
668
627
627
674
581
603
673
611
608
714
605
589
661
594
597
617
620
607
622
665
591
606
709
593
592
799
621
571
670
603
623
655
619
595
674
656
635
634
747
636
644
689
581
640
645
612
623
649
611
607
699
638
644
669
631
581
635
645
626
613
645
586
617
650
629
26996
662
597
587
638
614
602
650
570
565
605
599
580
595
596
622
547
616
551
587
593
623
544
581
618
579
580
572
654
571
554
625
562
565
605
642
574
549
625
595
570
624
630
643
632
633
628
592
616
587
585
621
582
585
612
625
552
637
653
537
613
663
584
561
614
608
593
581
629
579
608
626
571
570
600
558
578
560
627
572
587
634
611
604
616
580
576
575
623
581
573
628
620
599
599
637
568
564
609
577
23475
675
615
587
609
574
576
617
595
566
642
580
557
580
621
605
567
669
614
613
633
598
640
657
628
633
570
665
559
628
645
572
597
599
585
591
633
703
573
621
662
613
607
622
601
569
599
606
629
602
617
604
586
619
595
571
630
617
592
656
609
577
611
618
586
568
640
583
567
592
626
578
594
644
637
631
640
579
595
600
620
597
632
663
612
580
670
597
641
615
631
595
640
598
612
599
716
577
615
624
23048
612
699
658
569
672
623
622
596
571
569
594
648
576
604
709
595
594
628
595
597
625
614
591
556
623
566
649
697
569
597
635
610
600
609
640
563
602
642
619
571
620
618
553
607
631
577
584
641
608
584
599
632
579
623
582
578
651
614
598
621
610
580
552
591
584
608
563
664
619
619
634
574
544
612
621
601
583
651
591
566
635
592
562
647
594
563
598
681
581
556
639
601
565
657
631
576
630
646
663
22423
578
602
711
569
563
634
661
574
587
598
544
576
634
604
582
601
605
570
578
654
562
542
637
589
644
685
613
546
550
653
556
563
620
583
568
602
607
583
584
652
578
545
579
619
549
685
624
549
572
629
604
589
586
583
528
547
660
570
545
600
559
604
561
643
540
549
593
582
543
537
656
547
557
587
615
549
580
619
553
563
625
566
545
555
671
560
602
666
605
597
645
632
570
550
635
541
545
632
618
22674
640
640
573
584
654
580
592
659
609
605
645
616
588
609
670
566
585
691
572
596
655
642
589
652
613
587
616
609
591
576
688
586
566
674
594
587
628
589
597
576
703
598
600
654
574
578
649
574
583
592
657
604
584
647
610
574
646
628
591
639
583
572
588
656
574
606
672
596
567
673
622
604
596
630
577
573
700
628
659
737
613
601
674
631
655
681
618
595
684
631
572
605
606
569
596
648
626
575
625
23287
659
607
563
581
611
592
633
613
619
594
653
579
592
563
627
568
564
656
578
575
642
602
559
565
620
619
556
657
589
611
618
599
573
577
633
596
580
620
583
597
618
623
584
592
621
581
582
636
631
588
611
574
587
576
639
591
563
647
584
580
589
599
598
590
659
599
588
637
610
614
637
590
606
568
627
624
574
667
581
578
620
605
570
628
599
569
568
619
588
560
632
560
610
601
636
574
571
636
597
23754
617
561
617
592
563
614
598
598
544
643
599
606
642
560
548
622
598
574
569
674
573
590
641
594
615
645
581
562
568
641
610
539
655
576
573
611
607
555
557
620
577
568
623
575
559
606
650
597
564
634
572
593
634
571
556
553
652
586
553
625
604
550
600
617
578
552
603
584
618
617
602
567
588
634
551
577
663
691
634
622
566
550
574
620
558
567
636
574
550
591
610
574
567
642
565
573
618
564
562
23310
576
570
644
590
589
590
652
573
587
652
578
584
620
603
602
625
602
568
582
656
554
580
659
596
586
628
628
596
598
620
589
600
638
588
606
624
579
611
572
638
564
552
639
592
590
640
589
557
565
682
608
598
701
596
592
616
594
587
598
613
649
583
654
581
566
642
570
604
593
641
596
578
658
608
600
669
626
583
650
576
617
591
638
586
641
627
567
569
637
602
605
640
579
571
576
654
584
582
653
20926
625
644
572
622
666
593
601
605
619
591
581
627
583
585
642
582
568
618
600
559
556
633
595
573
665
579
583
607
614
705
656
624
599
598
661
674
635
633
668
623
616
747
624
560
651
599
584
632
589
559
681
624
632
599
717
603
571
628
600
584
623
589
610
608
695
608
604
663
585
600
678
596
552
595
599
582
599
661
564
597
644
630
584
634
638
566
555
658
548
570
646
674
576
658
588
599
599
622
584
23344
566
564
610
606
557
572
677
583
565
637
590
575
616
627
586
617
630
613
625
698
622
588
648
567
606
623
628
569
559
657
587
575
624
605
542
560
665
596
711
661
597
619
720
625
572
774
602
613
681
673
612
774
724
606
582
642
558
592
569
668
621
605
637
576
587
652
568
595
602
652
586
564
938
639
550
643
546
561
633
582
574
668
583
562
542
661
593
595
641
560
603
617
646
627
572
707
599
563
662
23671
642
605
606
677
591
586
643
602
601
638
595
583
589
684
598
619
654
594
587
625
602
583
623
593
616
589
631
586
578
673
629
596
611
632
609
643
611
605
582
649
601
575
639
582
596
621
630
640
641
629
580
576
639
609
591
631
606
634
652
612
575
624
638
630
618
687
588
582
654
620
586
699
603
586
684
587
604
581
621
633
577
636
617
579
631
612
618
634
588
620
637
650
588
580
614
618
595
630
618
23345
658
667
691
663
598
590
662
628
610
652
637
602
685
621
598
635
625
638
656
644
589
609
677
600
644
692
663
637
656
625
588
652
626
639
670
614
667
673
606
655
663
640
614
663
621
597
629
695
617
597
697
593
617
717
612
618
676
635
598
701
606
644
674
617
635
662
636
634
679
648
641
680
655
621
618
698
626
597
677
601
613
672
632
617
657
642
637
684
604
638
615
650
649
639
700
651
746
669
669
22760
680
624
715
698
598
586
654
605
613
729
593
630
637
628
577
612
670
575
594
699
625
601
660
629
587
675
583
587
633
599
613
593
725
581
580
674
598
617
651
589
652
669
596
599
660
665
579
611
1081
592
661
658
624
691
663
590
666
604
612
611
683
577
588
704
640
658
658
601
606
636
609
631
750
649
629
713
629
612
630
637
588
613
680
610
634
668
623
605
729
588
586
688
589
597
661
643
650
628
654
23793
613
577
649
581
594
636
642
630
558
647
618
573
677
594
573
650
598
581
647
619
557
611
650
576
596
640
629
629
650
626
571
639
609
586
609
662
609
572
672
593
608
663
591
591
580
631
603
569
636
579
587
613
639
589
624
629
567
586
607
574
554
611
570
591
602
622
583
573
626
697
705
650
640
576
574
713
631
579
665
597
598
637
621
563
580
641
629
592
628
588
619
641
621
567
551
672
561
626
664
23810
636
595
641
669
579
579
698
599
620
676
589
607
663
646
596
682
603
622
647
587
586
593
679
707
637
715
598
584
688
605
574
661
635
626
679
602
586
680
621
613
612
667
588
598
641
632
623
668
629
596
647
585
588
652
662
578
619
674
568
593
660
595
574
940
564
612
634
591
641
656
597
591
588
641
582
627
654
592
614
661
618
604
661
585
602
649
630
615
638
654
598
617
656
621
606
644
586
612
633
23271
605
672
636
622
677
619
637
671
611
604
658
601
569
582
714
692
587
665
611
609
657
608
605
680
593
638
722
662
598
659
601
563
592
632
614
593
687
614
587
673
608
579
653
599
620
589
662
602
586
641
613
602
636
625
579
671
604
627
607
644
597
599
662
585
594
650
630
578
647
638
596
628
618
598
579
650
594
586
689
643
605
629
616
575
595
657
589
620
699
599
606
627
613
617
649
591
584
657
610
22727
583
649
597
582
615
645
598
608
630
608
613
650
573
584
630
635
574
635
620
607
600
658
591
570
671
631
562
654
596
578
592
612
624
558
633
589
562
657
620
573
606
599
568
574
632
605
588
597
587
565
602
653
571
566
636
607
600
655
585
592
653
617
593
609
652
600
594
651
609
604
620
604
556
618
641
575
590
697
590
574
611
614
610
677
632
613
629
689
612
597
702
587
580
620
592
596
709
672
595
23105
583
650
639
617
590
669
623
572
636
639
585
635
642
600
592
663
613
577
631
594
606
582
689
615
626
702
569
604
660
667
594
703
625
580
653
656
589
650
657
598
640
630
656
881
624
599
596
634
573
587
644
621
607
666
591
600
650
641
636
730
639
646
641
666
588
596
705
575
630
650
618
651
695
616
601
698
619
683
656
595
583
598
614
585
620
645
604
645
655
586
579
630
624
577
632
647
623
581
658
23497
692
611
604
629
612
598
670
598
629
622
602
608
632
628
600
662
633
639
607
651
587
615
654
575
584
632
601
598
588
682
609
574
630
621
654
687
621
641
717
607
651
647
637
609
604
627
589
601
659
641
664
661
594
629
622
612
620
613
627
627
599
693
590
600
671
597
590
606
598
579
628
659
589
596
706
599
579
675
612
578
638
650
659
626
628
601
573
676
598
584
675
569
587
634
626
596
619
619
620
23108
676
615
627
604
572
583
645
636
589
620
584
623
680
644
610
724
601
593
588
703
581
591
640
597
593
659
666
618
627
596
598
599
633
566
598
652
588
560
595
612
576
632
688
603
628
643
628
556
676
568
625
603
616
601
578
655
583
571
672
610
594
622
570
576
593
656
587
572
695
581
571
666
595
631
611
637
579
609
622
556
585
623
592
603
602
633
581
574
633
578
595
658
636
591
619
600
571
588
635
23463
687
589
564
696
636
664
714
577
544
646
620
570
593
672
614
551
671
600
549
644
600
611
590
717
587
550
657
601
579
646
579
575
593
654
568
616
673
564
589
638
596
584
631
630
591
595
686
591
577
653
587
654
679
606
580
639
631
595
586
642
578
590
638
611
589
613
604
615
579
640
611
584
632
587
568
669
583
594
628
594
576
566
684
594
579
671
598
589
642
587
580
601
660
573
570
669
583
663
645
23823
666
668
590
616
723
631
624
673
633
612
701
659
628
690
645
649
707
669
612
696
608
626
672
627
665
705
679
618
721
617
614
685
644
614
655
641
675
635
641
621
622
689
637
597
703
617
599
707
632
631
667
621
651
661
614
610
696
613
620
652
619
631
634
647
609
633
723
628
610
662
658
629
717
650
608
680
627
660
692
689
671
701
790
620
683
752
651
606
709
623
632
724
658
622
673
596
612
668
605
23935
653
589
583
673
596
686
654
615
589
654
607
579
661
617
591
593
690
609
568
681
599
600
677
620
595
654
597
585
660
625
579
585
703
620
589
662
642
602
634
614
619
684
587
632
616
663
595
628
652
589
647
654
648
609
699
674
647
655
615
615
718
610
583
653
613
593
675
680
630
593
710
591
598
694
582
598
653
610
662
643
597
613
628
630
611
637
676
613
594
694
625
606
678
610
592
678
612
596
676
22651
581
561
642
609
596
617
609
580
635
631
565
579
661
577
570
616
569
644
667
620
601
656
610
571
575
639
586
637
667
597
564
610
598
588
587
652
647
613
722
569
573
657
634
603
607
584
623
580
685
584
586
679
576
603
607
620
627
609
603
583
574
623
625
566
642
576
561
584
603
623
568
638
585
601
622
578
589
642
611
618
600
655
591
576
632
606
552
614
568
615
576
653
609
575
619
607
560
630
624
22937
654
624
620
630
656
584
594
651
595
599
630
609
597
667
575
630
630
593
583
591
638
620
616
659
635
602
718
595
579
621
600
588
573
665
594
571
652
648
619
649
635
574
609
614
623
650
707
617
597
688
582
577
660
617
631
664
605
597
633
619
580
595
658
640
699
805
715
619
613
685
591
585
672
665
612
673
607
570
670
623
595
603
644
581
601
659
589
628
642
599
610
638
646
595
611
639
620
601
683
23411
664
593
570
656
608
556
662
684
604
649
711
610
592
679
580
658
672
601
624
671
603
618
717
627
622
634
597
593
601
634
579
595
658
597
579
655
585
571
615
649
563
598
658
621
572
657
595
603
644
607
607
614
665
589
563
661
587
590
665
603
586
616
649
548
603
665
580
601
671
560
579
641
570
600
587
660
574
612
668
581
571
640
611
571
609
641
572
572
662
602
584
649
586
572
669
593
572
568
674
23826
584
616
624
633
583
568
659
579
614
687
665
597
705
579
654
711
656
622
688
669
606
643
647
588
601
704
666
605
690
651
609
763
618
685
668
685
708
728
577
638
615
613
590
583
646
626
588
638
617
599
638
647
584
636
644
654
611
652
593
646
635
612
592
669
627
597
640
579
569
619
662
572
640
651
580
669
654
621
606
652
633
607
625
613
582
608
650
569
570
637
620
595
651
609
586
563
636
626
587
24279
654
588
577
622
646
569
640
603
572
569
616
576
614
636
640
580
647
604
598
602
611
591
628
670
723
670
774
580
628
635
556
593
639
605
603
628
595
612
629
626
604
585
650
611
603
679
598
583
655
640
591
638
604
634
594
678
580
616
633
613
607
641
596
577
584
655
592
644
643
606
591
640
613
596
633
580
617
614
654
607
610
648
582
577
657
657
592
638
638
591
600
650
572
631
643
614
607
729
600
22858
659
588
601
632
600
583
640
619
600
588
676
595
588
628
599
622
657
576
589
680
589
590
599
642
594
615
660
594
602
672
592
600
634
631
572
616
669
562
608
655
600
591
643
615
580
615
637
571
610
641
615
562
631
637
582
634
626
573
586
659
614
571
695
652
607
659
609
576
625
645
607
608
649
571
597
652
589
611
635
579
629
661
627
609
669
673
614
676
716
644
576
698
625
600
670
599
583
651
647
23413
608
595
558
679
625
589
667
631
596
622
605
605
636
626
608
633
620
634
583
640
635
599
622
579
580
573
682
564
579
637
592
589
621
656
583
610
646
591
580
632
632
569
705
576
615
658
659
617
633
632
589
603
655
586
604
631
608
588
653
613
617
641
664
663
672
648
659
571
655
559
603
662
565
590
637
629
610
605
644
609
571
644
626
608
644
617
591
596
614
574
575
649
578
637
826
595
612
649
582
23572
641
675
671
663
588
642
643
644
598
670
577
614
661
695
601
701
612
643
742
614
634
686
623
622
685
623
596
661
637
614
606
631
626
614
717
585
655
699
606
619
648
610
602
687
625
637
673
604
595
670
625
594
585
671
588
594
660
620
639
652
597
611
686
640
590
624
669
649
607
666
595
594
625
649
573
680
618
621
680
620
580
617
632
618
642
651
600
611
689
622
586
666
627
597
666
596
602
644
633
23868
624
616
690
594
643
653
621
589
695
616
616
666
600
576
593
675
601
607
682
650
646
687
639
637
642
593
619
633
598
597
585
711
621
605
664
618
594
651
665
641
653
595
632
670
635
594
631
623
661
651
647
575
608
655
637
594
652
631
615
653
660
612
642
605
652
635
670
627
601
685
602
593
656
657
594
666
612
612
641
623
593
676
591
602
595
704
623
626
679
606
618
662
621
594
681
630
604
655
630
24128
694
681
598
600
577
661
618
571
616
570
571
602
609
619
572
715
587
602
625
607
600
595
627
592
623
699
583
596
636
587
603
619
592
633
629
593
622
584
634
614
614
638
599
598
623
563
603
591
612
575
591
602
586
604
607
605
563
589
627
569
595
641
585
554
595
607
752
620
619
595
619
639
629
567
620
583
593
638
656
593
583
687
594
593
704
575
609
633
617
597
660
584
584
628
615
572
649
615
595
23131
681
595
608
671
610
616
663
603
630
652
629
598
618
631
567
592
673
585
591
660
617
624
655
604
616
628
654
622
636
653
596
592
707
592
618
623
620
631
625
648
617
697
628
581
625
629
590
597
683
586
604
669
584
589
640
633
637
600
641
652
589
721
600
602
654
612
633
678
611
614
695
594
600
663
615
627
663
682
659
681
718
646
626
618
659
586
758
610
577
691
628
661
662
620
626
675
627
599
658
23183
653
688
595
588
670
597
572
660
616
611
625
597
603
583
641
622
566
652
605
624
638
622
589
631
615
584
606
673
591
610
710
641
602
689
621
567
628
593
580
603
661
628
616
654
680
630
663
626
593
686
600
628
654
608
577
559
678
603
599
672
653
576
622
616
581
636
644
608
588
645
563
609
633
632
579
674
571
603
626
649
598
576
657
630
595
680
572
645
634
596
596
584
667
620
579
671
561
598
634
22981
627
601
594
23170
609
571
556
658
576
547
614
601
571
532
614
575
588
668
573
553
594
573
569
549
642
589
578
629
619
578
574
660
566
609
597
624
543
626
575
678
694
637
603
589
585
633
579
572
646
609
553
629
610
623
557
613
614
557
633
561
565
568
689
568
554
648
607
558
664
596
559
576
633
567
562
608
558
545
563
660
572
589
671
562
577
603
642
555
550
654
607
581
661
546
605
614
573
593
545
23463
576
635
614
576
649
598
559
609
661
592
617
633
580
539
660
620
564
625
636
641
550
653
587
582
641
577
583
633
578
590
661
599
584
584
649
601
550
604
594
563
583
651
619
584
608
630
561
638
624
620
679
645
558
543
639
581
565
618
569
576
572
695
584
586
677
612
595
680
588
583
610
635
642
595
638
591
573
643
593
582
660
577
595
569
627
572
584
636
615
556
634
613
598
626
635
600
569
635
580
22932
671
623
592
660
611
615
670
619
582
642
596
633
675
708
651
669
703
633
603
677
594
616
701
585
595
652
615
662
733
657
641
670
663
618
666
601
630
630
611
575
617
665
664
621
659
620
595
658
628
577
646
628
579
619
660
594
604
694
602
661
662
607
625
625
614
596
636
607
602
633
884
594
665
631
605
625
626
594
591
627
636
607
642
628
619
630
593
639
627
606
616
606
668
604
592
645
644
638
636
23562
643
589
607
618
624
585
617
607
625
593
663
602
614
634
598
631
656
581
639
630
605
601
605
619
585
585
652
605
570
616
601
600
639
627
623
646
658
574
598
600
627
603
656
657
599
620
586
617
596
656
588
586
629
621
620
618
603
606
578
619
620
597
622
576
578
663
630
593
669
630
596
586
625
604
586
673
580
632
612
579
590
583
646
595
581
655
623
584
600
660
585
623
603
586
610
644
588
560
615
23697
638
667
606
659
608
608
641
627
595
669
600
615
616
611
573
594
634
609
625
634
609
588
644
612
617
619
625
615
587
682
613
596
649
642
646
673
630
592
671
613
594
621
626
594
588
644
636
599
662
590
604
670
585
616
613
705
614
591
663
628
575
688
632
573
654
625
589
644
669
596
652
596
619
645
642
636
584
673
605
644
640
612
589
662
610
595
646
605
578
580
658
644
594
647
600
634
662
603
593
22342
622
567
629
593
578
544
588
619
594
562
606
591
579
613
648
580
552
600
593
560
602
615
574
583
638
585
593
607
623
589
593
589
547
568
699
587
557
667
569
605
600
610
591
549
634
554
573
636
562
584
609
866
566
568
609
588
581
660
599
572
622
588
562
568
612
576
574
632
618
564
622
553
573
557
616
573
557
582
608
571
553
623
569
561
622
633
546
626
614
564
580
651
677
646
571
689
589
617
639
23758
606
590
608
672
580
607
655
661
625
642
639
596
681
614
578
575
655
621
607
662
599
593
634
613
582
655
618
598
593
715
623
596
643
616
610
686
635
559
679
585
587
631
643
579
558
661
604
571
692
622
599
648
607
601
679
628
603
601
663
569
582
681
614
569
647
607
577
637
598
579
580
681
571
580
649
581
584
693
617
611
669
700
651
695
695
600
617
667
580
598
706
638
566
662
642
687
725
664
642
23455
608
670
647
609
592
646
583
575
649
604
578
647
621
575
618
653
599
582
810
641
595
669
597
596
645
617
653
643
698
644
679
675
608
730
671
706
704
649
634
717
706
815
683
669
629
751
638
653
685
594
604
663
615
649
687
653
704
742
670
689
670
607
607
654
633
622
622
664
635
718
702
661
569
736
586
648
728
619
586
670
636
612
702
656
634
685
609
602
665
630
624
660
694
595
627
655
617
605
696
23010
623
669
580
576
664
575
622
713
648
573
661
643
578
675
721
664
624
640
604
614
643
651
621
645
662
579
577
681
674
598
696
689
737
703
728
625
691
725
674
657
633
712
707
692
643
755
637
695
691
614
716
684
676
624
701
678
612
701
698
649
671
681
644
719
623
650
706
671
668
674
638
670
696
711
649
666
738
699
578
636
742
680
662
689
628
598
689
605
612
642
607
593
648
638
587
582
648
639
650
23584
665
719
641
639
664
610
611
716
591
616
701
622
610
713
647
613
645
629
583
641
679
626
581
689
608
688
694
590
661
676
579
621
675
618
591
679
630
613
649
611
588
604
684
575
620
654
638
640
647
608
611
654
612
632
652
597
567
608
626
657
604
619
613
583
639
609
608
639
663
606
602
639
601
571
633
601
612
675
599
619
631
647
609
609
642
576
610
638
610
591
625
588
597
634
663
595
601
648
673
21426
597
612
632
566
527
560
598
593
547
621
547
552
547
594
562
579
607
551
577
577
607
534
545
589
550
573
554
688
570
541
568
584
561
563
575
534
527
623
531
536
552
605
552
570
616
607
580
538
609
575
579
642
553
585
552
568
560
565
574
568
666
590
615
536
538
567
576
527
554
577
553
528
532
579
556
540
539
606
594
558
581
556
553
549
606
615
556
575
561
640
654
557
521
544
602
559
594
612
535
22508
581
561
592
563
579
612
581
561
653
712
661
596
641
576
533
561
618
590
558
601
608
541
642
583
566
580
636
559
594
628
590
563
553
639
603
550
671
555
563
606
563
608
585
667
582
551
702
568
550
611
564
561
550
645
630
571
600
570
578
536
657
583
562
609
589
583
633
567
555
537
683
597
594
719
610
577
615
594
638
564
692
669
590
737
704
724
626
712
670
580
681
611
679
709
675
573
584
633
563
23569
584
621
646
594
565
638
594
585
591
670
596
589
676
601
575
633
618
584
581
659
598
585
686
588
571
660
613
572
626
602
586
566
648
616
582
642
627
594
682
605
598
611
637
594
572
663
665
618
681
614
653
717
662
568
689
578
615
618
656
607
583
675
616
646
687
561
578
675
607
576
608
652
601
642
616
577
636
677
605
592
679
695
704
596
693
582
574
645
593
621
582
686
598
567
723
581
579
684
639
23119
659
615
568
670
589
565
644
581
589
618
649
567
566
667
586
595
644
579
602
836
582
589
632
594
617
668
722
649
717
642
626
672
726
609
628
646
587
608
647
604
581
656
619
593
680
649
578
569
665
596
596
686
630
613
663
660
603
651
587
581
633
597
571
598
631
598
593
630
580
584
587
670
601
609
671
572
585
657
648
621
646
623
568
624
622
578
584
649
588
598
652
582
574
623
609
595
567
679
582
23496
630
583
691
431
28
433
618
489
430
491
635
496
462
471
453
574
482
436
436
490
465
439
437
476
473
424
584
467
485
427
616
446
489
611
441
477
546
427
435
429
533
31
635
494
29
707
457
431
444
506
621
441
419
488
630
437
425
512
494
428
438
424
522
441
437
428
39
662
435
34
443
599
43
563
485
32
610
475
453
647
576
518
442
435
442
490
43
483
444
501
477
473
597
423
502
678
587
438
513
23817
746
621
661
716
705
645
662
591
617
662
625
628
696
613
596
620
625
601
589
658
574
608
678
586
604
673
603
604
624
665
602
626
720
612
583
635
587
603
646
615
595
655
598
592
629
646
584
613
666
613
615
652
605
652
673
634
602
673
647
861
651
597
583
646
603
679
692
642
677
680
769
645
689
627
663
711
646
669
692
673
647
679
632
666
663
688
677
667
694
608
696
657
636
692
681
688
704
665
638
23147
716
702
776
672
682
740
716
560
750
592
604
652
657
587
618
600
601
659
730
602
619
644
614
575
641
602
626
666
634
600
658
645
615
581
657
607
610
658
590
614
668
710
614
609
660
592
591
633
593
629
633
648
586
582
618
590
583
641
607
619
606
656
642
587
691
577
593
667
563
617
673
605
583
624
615
587
601
639
618
615
655
591
604
651
601
566
629
696
641
591
654
596
559
619
645
572
672
661
611
23255
628
630
576
681
572
591
645
615
618
623
590
587
579
657
566
575
677
612
663
733
619
587
670
612
571
618
623
562
555
655
567
556
610
607
581
581
649
579
675
685
619
706
676
707
582
687
639
612
752
699
567
582
651
642
587
677
594
656
689
618
602
621
619
573
576
661
574
570
676
612
589
681
617
572
687
690
579
653
666
603
591
655
616
574
644
579
570
620
626
588
590
640
590
617
687
630
672
707
585
23298
684
600
643
587
601
580
649
593
602
661
604
580
642
569
601
592
657
605
581
667
580
591
628
594
591
613
632
576
593
683
590
596
678
631
618
626
614
568
676
615
589
559
656
591
554
626
633
581
660
607
604
651
598
598
581
677
621
565
640
597
577
629
629
629
629
638
563
582
659
617
597
653
610
624
764
715
593
661
609
636
656
585
597
566
658
604
576
645
605
603
679
601
595
644
608
582
580
675
580
23466
601
592
646
602
573
633
595
597
573
670
591
602
666
610
587
668
609
583
599
640
594
609
664
648
591
645
579
608
646
591
589
617
664
605
614
689
594
607
646
600
592
633
593
612
663
621
624
648
652
586
575
649
591
597
636
598
584
651
642
622
613
602
627
623
640
579
575
640
618
628
679
624
611
629
625
587
581
643
608
605
690
643
586
652
618
607
665
608
579
605
649
599
596
637
615
603
640
599
609
23430
637
642
609
591
595
672
614
580
673
639
578
689
616
626
643
607
605
645
588
598
571
633
611
599
666
621
597
654
584
571
654
626
594
610
642
590
580
643
637
578
663
578
614
595
617
572
558
644
630
590
681
580
632
597
636
608
574
682
589
614
642
621
575
648
611
582
637
606
580
566
694
598
609
623
610
574
694
607
578
669
579
588
599
657
581
579
625
624
582
650
593
562
641
638
582
596
679
581
579
23100
629
566
622
589
604
646
602
608
605
617
621
575
640
598
578
652
639
575
627
610
573
613
642
567
566
638
590
639
628
606
586
589
634
595
604
654
562
565
659
629
592
619
604
607
580
627
555
591
670
599
588
622
630
581
596
635
578
572
606
596
599
663
625
605
618
620
578
596
635
579
583
623
614
581
627
604
621
614
650
597
590
651
575
599
614
585
616
572
671
598
587
612
615
567
628
599
589
569
653
23450
688
577
586
664
605
578
650
588
590
645
606
598
623
648
634
579
638
616
631
627
601
611
659
662
625
703
642
652
649
691
590
598
649
597
625
618
592
606
638
694
673
664
621
753
667
664
642
579
681
625
616
648
589
574
576
648
585
682
625
592
597
608
596
600
616
601
575
575
670
637
588
658
653
587
653
577
577
590
649
643
602
642
585
576
646
615
636
638
588
591
587
645
622
576
672
600
597
645
635
22904
652
595
681
677
626
610
699
586
570
591
669
597
593
628
587
580
649
604
613
681
607
578
591
642
692
599
643
620
603
653
605
575
651
874
621
650
597
586
637
626
615
608
663
590
625
660
576
580
660
612
586
618
637
607
592
671
573
568
626
620
617
630
621
591
642
626
575
604
665
611
592
679
615
571
666
636
562
683
628
575
573
666
601
597
637
613
588
660
602
599
635
615
565
593
643
573
613
634
631
23179
695
621
599
670
586
578
678
596
593
673
634
596
652
661
603
684
624
588
584
669
625
578
644
611
613
625
632
592
617
627
585
608
657
580
596
658
653
577
651
621
595
589
622
595
592
638
599
601
672
641
606
655
605
587
605
652
599
573
680
598
644
656
617
575
629
614
579
675
653
614
593
676
626
580
636
598
569
656
581
603
630
595
620
589
646
575
587
657
590
596
672
580
598
609
646
602
590
673
580
21932
578
606
624
581
605
678
559
577
624
620
628
610
611
601
610
591
645
581
651
625
554
638
565
576
600
610
562
591
659
613
603
621
599
599
601
594
560
569
600
623
588
623
578
561
592
615
612
578
611
577
627
651
600
574
623
620
554
584
674
613
575
647
584
578
592
599
597
606
594
574
606
604
564
597
574
623
594
572
620
585
564
615
589
579
575
611
576
591
628
572
553
617
582
567
593
625
608
575
619
23443
695
599
599
610
595
593
572
632
587
592
615
579
647
599
597
581
572
616
634
579
627
592
627
610
617
581
597
653
588
559
606
618
565
611
636
619
590
668
590
587
626
662
569
652
620
633
646
593
588
598
637
608
583
638
583
574
642
656
563
660
593
575
584
631
621
575
682
636
611
653
609
591
582
651
585
577
636
590
608
703
610
579
655
602
578
565
646
606
599
641
645
618
654
611
612
638
599
574
591
22855
619
595
643
576
643
627
605
584
636
619
586
570
695
606
581
683
591
608
689
628
628
649
592
607
616
596
585
647
649
574
573
641
608
584
639
588
592
620
708
609
580
662
578
583
633
618
584
636
603
615
586
651
569
585
618
571
600
634
596
616
625
638
604
611
631
586
596
652
581
579
612
684
580
571
697
605
626
692
664
614
762
604
608
628
586
605
649
603
622
625
641
622
638
675
616
609
738
736
608
23107
622
598
665
571
588
637
646
610
606
692
604
574
656
600
593
694
610
587
629
654
596
598
668
587
596
656
611
589
720
635
608
679
598
601
628
617
563
629
648
597
587
640
618
589
650
613
603
610
625
601
591
649
605
615
707
626
662
692
629
581
699
610
603
641
616
586
617
666
633
619
687
636
630
650
615
598
667
629
590
635
665
571
597
658
610
613
718
593
628
669
598
591
667
604
641
634
633
589
603
23346
606
681
593
608
672
635
602
628
570
580
577
696
574
620
644
584
580
683
600
614
610
603
570
593
660
575
581
659
585
590
653
649
663
637
826
674
680
649
637
626
574
711
562
571
653
601
591
643
599
586
613
641
598
570
654
583
578
677
600
565
636
595
622
620
664
587
593
683
617
636
642
596
552
678
648
591
616
593
573
580
631
591
599
659
600
631
629
634
565
574
662
640
586
697
643
564
698
592
597
23130
742
675
686
578
607
655
616
610
642
602
591
651
605
596
638
621
611
594
671
585
592
632
593
566
689
588
587
625
662
582
569
627
604
569
657
667
599
635
640
659
610
627
617
635
676
588
618
652
591
622
627
606
595
657
596
608
573
663
667
567
644
588
598
702
606
614
664
585
585
592
669
591
631
667
617
584
662
606
591
633
604
611
666
595
583
612
652
623
581
688
600
580
629
592
592
638
660
600
571
23640
655
649
573
579
659
616
585
678
611
605
650
570
567
597
635
627
612
636
589
582
650
610
569
608
628
592
596
660
618
609
680
584
595
694
581
563
607
630
565
634
643
615
566
610
604
596
629
566
573
574
631
626
560
669
596
569
603
585
577
621
622
594
570
636
629
598
599
608
602
568
621
578
565
604
593
576
611
613
572
583
609
586
600
638
587
564
628
616
569
580
710
657
602
730
656
597
605
612
578
23884
592
577
607
565
609
581
600
570
610
589
609
597
584
569
589
616
552
566
605
586
601
610
594
562
562
584
572
575
604
604
589
575
609
590
595
606
595
615
647
625
626
599
604
609
576
621
623
606
608
600
569
578
629
611
571
674
588
609
651
641
617
658
616
587
607
581
568
606
610
580
581
612
601
567
559
615
935
597
614
587
561
634
575
577
618
611
613
650
573
564
588
618
562
554
618
574
594
562
664
24129
616
585
634
583
598
603
634
758
613
667
575
613
622
620
596
633
584
617
565
649
615
559
647
566
588
622
587
589
553
604
583
645
617
578
550
577
661
565
596
620
587
589
668
580
597
565
626
598
612
625
609
594
625
611
596
615
609
565
577
626
564
599
650
640
569
608
649
592
597
631
563
622
641
568
580
588
614
590
937
610
580
613
635
563
561
614
585
581
615
627
552
605
619
573
604
611
588
555
622
21321
591
605
554
584
585
557
551
535
586
568
550
591
572
536
574
719
580
585
645
546
544
563
604
565
558
596
579
569
601
601
546
569
583
550
574
574
537
597
541
609
564
579
573
542
552
527
604
540
571
570
588
568
537
586
558
560
544
591
563
556
625
538
550
562
621
601
587
648
594
538
587
582
551
537
641
560
525
549
595
543
871
609
547
562
590
544
605
587
550
543
561
619
571
573
570
579
545
556
577
23888
576
593
616
659
618
586
670
596
613
663
601
616
637
587
639
592
644
616
590
652
623
613
666
594
666
676
587
622
667
673
606
626
668
593
607
657
580
579
648
586
662
698
702
603
675
615
587
624
626
578
609
677
596
614
686
589
598
676
622
627
653
629
626
605
681
605
618
651
584
603
649
587
599
647
622
607
684
612
618
615
689
575
600
690
576
590
667
678
650
645
606
612
663
593
586
619
657
631
616
22703
585
575
642
608
628
590
623
537
591
628
566
575
654
610
613
671
646
608
734
629
601
685
638
604
556
652
592
612
724
630
645
650
643
624
673
596
583
587
658
603
592
664
607
577
647
641
584
634
611
590
603
643
578
553
608
593
579
620
586
641
607
638
603
539
642
562
599
624
599
572
582
647
550
636
636
543
578
609
630
549
552
652
602
583
663
559
591
636
569
577
606
682
584
559
635
624
586
622
594
23818
624
567
673
642
619
654
592
567
609
685
598
564
702
574
579
675
637
552
603
653
572
580
665
585
607
674
631
601
644
579
593
704
606
573
623
668
578
592
681
591
601
656
629
583
677
613
620
625
630
593
588
650
583
599
633
592
566
641
629
607
647
611
590
592
645
594
595
638
581
624
624
661
577
656
609
564
559
652
609
598
654
580
586
601
656
612
575
669
589
611
647
607
576
664
642
582
623
609
584
582
665
572
601
693
616
580
618
615
572
617
639
559
581
699
566
616
648
592
582
598
643
577
619
648
574
602
634
613
571
638
615
579
634
626
611
589
635
606
609
644
582
593
661
618
568
589
649
590
630
635
606
570
661
636
575
588
616
570
584
649
577
630
623
601
580
638
585
586
656
670
632
587
667
606
596
670
577
565
656
630
584
583
646
590
568
619
594
593
609
617
592
665
607
574
587
630
630
603
609
23377
657
568
603
576
635
608
582
665
648
599
616
609
586
645
585
642
569
697
780
628
649
620
582
641
590
563
599
629
624
631
639
584
596
657
604
608
599
608
599
584
665
592
576
646
624
592
645
628
623
626
600
602
638
640
600
599
613
620
599
670
600
623
611
655
581
580
657
575
905
664
581
595
621
577
636
665
630
614
613
582
599
567
642
625
660
679
589
590
657
583
594
682
583
568
583
643
598
609
644
23827
602
593
587
664
589
611
712
676
605
652
629
621
674
667
609
667
630
611
666
613
615
600
668
593
622
693
595
607
686
626
599
721
618
633
692
653
631
692
623
589
622
648
623
617
686
611
595
726
581
604
658
628
586
687
605
599
676
636
601
691
601
614
637
648
634
611
668
613
631
653
628
622
654
605
579
669
601
600
622
649
614
598
677
594
600
681
597
622
692
620
578
700
603
601
641
631
614
590
696
23175
679
620
596
576
669
585
588
711
589
582
705
595
572
659
615
580
633
690
569
577
658
570
629
712
621
583
647
592
570
623
620
581
619
661
584
576
642
608
572
618
587
589
598
669
576
563
630
569
582
612
612
598
597
685
571
585
627
616
580
648
583
572
569
650
577
582
632
583
582
628
626
620
617
626
590
846
617
584
582
636
574
595
651
622
566
655
604
626
667
677
615
620
685
630
602
715
595
605
676
23303
651
589
603
627
669
586
624
648
609
574
679
626
579
627
589
582
614
663
605
569
670
624
599
643
624
613
648
618
563
630
653
595
618
658
609
568
690
592
616
663
599
566
593
665
580
574
628
593
610
623
651
579
604
609
631
608
658
590
576
637
632
597
661
579
603
689
612
576
567
685
569
597
636
625
603
644
603
580
650
619
583
580
662
580
561
642
583
570
613
648
578
590
630
601
586
628
581
586
611
23150
583
680
604
606
696
638
647
653
621
586
626
606
596
589
663
584
579
661
631
619
647
604
587
620
599
592
596
691
622
630
630
579
608
672
610
589
638
629
628
606
626
602
584
638
604
617
667
585
602
632
614
612
646
606
624
589
649
571
569
641
590
651
662
587
567
653
663
574
585
620
601
582
676
617
591
664
617
587
608
683
569
631
630
646
637
643
611
570
666
613
579
635
608
609
564
714
620
580
632
23282
679
594
420
421
654
468
494
470
526
454
473
458
487
489
535
440
490
476
449
30
437
466
53
671
464
458
682
602
30
444
633
491
438
467
440
658
450
461
440
523
474
602
438
464
625
594
672
456
432
453
700
502
603
31
448
446
446
628
30
35
460
688
35
30
31
444
30
33
434
30
537
468
447
455
440
53
472
422
458
502
32
586
436
432
437
514
483
457
441
544
717
552
466
454
566
431
446
645
486
23329
673
624
571
656
578
616
634
618
568
562
646
580
612
645
576
561
574
621
564
589
662
599
602
647
578
606
622
601
596
578
657
610
589
671
569
616
667
583
633
590
608
554
571
634
619
605
652
577
601
613
591
616
600
637
590
555
652
652
566
652
624
608
560
671
560
571
704
591
629
681
639
629
669
680
591
610
614
575
571
657
588
629
650
577
633
686
621
566
638
615
563
596
666
592
575
689
584
579
629
22189
629
575
594
638
581
588
676
574
598
641
604
633
650
624
582
595
647
590
594
673
602
611
667
600
624
629
605
600
654
624
589
617
691
572
590
675
642
571
661
616
575
638
635
621
591
647
586
611
707
677
637
725
608
602
653
609
589
691
617
577
574
657
602
573
653
600
585
695
611
603
689
612
636
623
625
607
620
654
597
620
696
573
580
686
602
587
700
633
599
625
646
584
664
642
611
587
682
606
615
23980
669
612
596
638
622
624
579
662
569
642
651
600
587
641
630
604
655
620
597
604
621
594
652
648
589
604
605
582
618
633
600
591
618
655
582
683
651
592
608
625
621
568
672
611
623
592
649
607
582
623
587
617
657
624
604
614
615
587
618
664
629
597
655
612
562
610
592
607
652
591
611
631
642
597
580
684
592
607
659
638
659
629
612
630
623
606
597
631
668
618
601
619
600
629
622
607
616
606
634
23145
622
617
563
440
22794
632
571
684
566
585
628
596
596
516
611
570
602
623
593
623
656
563
565
420
667
613
581
631
596
563
645
582
552
421
635
623
574
633
602
603
588
633
602
568
639
579
583
668
577
556
563
628
597
542
619
573
617
671
602
616
641
636
595
440
629
575
601
594
608
593
585
631
588
409
647
607
603
578
676
560
576
645
635
414
638
620
592
571
640
562
549
673
579
610
647
663
580
587
657
23685
596
582
579
684
596
632
677
586
574
670
617
582
686
585
599
618
614
582
605
656
583
614
659
595
614
640
621
574
599
688
583
597
625
593
553
652
603
603
621
628
628
607
674
600
579
657
605
576
615
611
566
587
639
631
580
625
599
575
623
595
621
642
619
611
586
650
575
610
629
599
578
643
566
580
580
680
583
589
624
571
581
638
581
565
584
646
576
621
639
589
579
655
595
567
627
674
627
569
654
22745
613
641
643
584
596
692
592
623
729
643
597
695
586
596
651
591
615
621
618
576
599
673
580
657
672
566
602
663
599
584
628
639
606
591
670
581
603
709
584
564
671
584
607
614
655
562
595
667
579
582
728
617
578
667
599
601
609
643
582
599
646
581
587
640
601
607
691
594
610
695
618
647
659
681
603
663
673
622
674
648
613
585
699
568
625
684
635
595
662
601
573
649
613
584
623
690
589
598
698
22997
673
606
598
576
634
588
582
643
590
598
616
609
639
653
635
609
619
629
583
571
624
578
603
623
594
609
592
652
612
629
616
582
590
640
658
606
661
605
586
597
706
607
589
656
642
605
642
613
580
655
604
603
578
683
619
597
676
663
587
628
622
603
632
589
615
646
630
637
626
628
589
594
625
586
589
631
617
605
626
652
585
608
647
643
573
650
602
613
650
625
605
650
578
613
574
635
627
587
649
23683
649
594
584
610
576
594
615
575
585
563
634
625
579
813
587
575
597
600
578
600
606
578
569
619
594
583
669
582
583
596
613
602
586
601
587
619
592
603
598
573
582
569
575
612
597
607
639
610
566
587
580
564
580
615
569
593
622
588
586
576
653
602
622
817
639
567
598
577
564
627
593
623
561
623
555
615
606
601
594
589
581
602
556
673
584
559
610
568
578
586
623
573
569
579
576
606
616
615
585
23190
630
614
651
639
594
627
620
598
626
634
592
601
650
623
639
643
592
622
640
602
616
652
616
603
602
677
636
614
622
636
618
661
590
598
646
626
630
617
618
600
605
639
636
618
649
608
595
663
607
589
636
635
595
583
642
640
621
660
624
638
650
620
603
673
633
598
654
651
590
602
658
606
595
662
613
600
629
636
580
661
617
640
694
623
612
581
646
631
620
682
599
585
664
634
588
630
623
603
624
22958
613
605
616
584
601
621
581
567
655
591
584
668
581
601
559
636
598
598
675
611
602
658
635
615
717
622
662
741
638
589
624
630
596
588
639
621
582
647
634
589
655
587
600
592
636
585
617
674
587
611
666
575
610
681
602
581
603
624
585
566
648
596
643
620
626
594
657
574
585
626
647
598
624
708
653
586
659
614
612
669
605
597
615
602
584
578
669
575
571
632
585
634
605
661
596
596
656
635
605
22996
631
638
661
601
576
657
613
588
650
638
594
627
617
609
619
657
590
605
643
637
692
833
604
600
657
624
584
606
643
581
628
672
628
589
667
658
655
722
647
648
671
641
619
656
619
587
617
636
611
646
743
665
636
680
578
608
658
605
610
672
613
634
654
670
634
636
609
590
620
709
610
613
674
592
584
674
611
589
669
595
619
670
596
597
617
633
596
587
667
602
572
653
646
591
661
650
645
667
614
605
622
653
615
606
658
629
604
678
622
633
670
651
619
686
649
615
728
640
625
667
617
638
632
630
607
578
698
593
607
683
615
620
668
598
589
646
610
598
680
630
595
629
679
584
608
718
632
640
745
722
608
710
618
629
694
592
600
732
594
617
653
607
622
650
679
611
630
648
640
616
700
576
629
676
624
634
671
619
597
729
623
580
691
604
578
655
676
600
622
668
592
598
678
584
605
691
622
644
660
23120
630
653
583
549
629
582
576
638
602
560
567
628
579
617
629
608
549
635
618
619
620
627
601
604
626
600
611
642
598
565
643
594
587
595
631
611
575
615
896
562
720
585
592
616
594
575
614
598
588
594
640
594
601
630
593
566
642
575
582
574
684
565
613
636
590
617
635
583
576
604
647
579
561
650
595
606
647
581
561
562
617
584
560
618
587
559
598
652
569
582
668
568
565
623
552
580
591
622
569
22909
621
635
613
730
672
587
640
576
591
643
660
629
642
591
580
618
637
564
586
670
591
590
647
614
581
618
595
605
601
632
579
587
654
637
577
670
596
587
615
604
608
589
637
593
641
667
599
597
664
618
568
595
653
594
618
673
587
577
659
607
606
632
612
591
618
651
617
601
640
575
602
636
591
611
654
601
615
621
623
599
565
631
656
582
674
593
582
659
615
587
574
620
594
571
636
608
559
638
582
24338
638
675
624
597
667
582
630
626
626
613
634
666
585
605
633
582
644
672
598
625
639
612
658
610
619
573
583
682
630
601
632
606
668
649
637
581
642
611
616
587
659
585
621
641
605
626
650
621
617
658
670
608
629
643
607
590
672
591
589
645
599
594
633
632
576
626
633
608
630
638
611
591
661
607
602
673
605
580
609
615
614
602
636
623
606
636
605
579
688
607
588
608
663
598
621
684
601
607
665
24164
638
651
727
619
592
676
618
598
641
623
604
610
665
638
625
642
629
643
713
588
587
667
617
632
625
614
595
630
636
624
588
696
577
606
658
579
575
634
609
575
644
605
602
685
606
599
614
629
587
614
631
600
607
619
627
616
633
640
585
615
629
614
609
652
608
576
641
607
586
589
636
620
595
625
643
613
632
612
606
628
606
585
591
634
579
614
627
588
616
661
608
603
631
671
605
608
640
600
606
23470
663
611
628
591
602
630
562
597
644
641
604
634
586
579
630
597
574
567
623
603
586
687
589
718
728
612
566
643
610
588
606
615
579
607
639
602
594
606
600
569
607
618
595
566
640
607
593
627
593
632
613
621
573
573
631
596
641
622
603
599
624
618
588
626
571
579
546
628
584
582
617
613
558
584
644
596
626
617
592
603
637
617
617
591
612
610
597
646
584
571
651
621
569
610
633
570
595
639
565
22789
633
616
589
658
616
571
595
660
591
567
634
585
571
685
586
573
677
620
588
571
630
592
573
624
671
615
675
630
585
645
601
600
588
641
572
593
664
604
592
660
592
597
608
632
597
595
645
639
626
639
620
627
663
565
614
625
616
574
562
658
639
601
684
648
589
624
609
637
641
597
608
634
646
588
580
629
586
608
621
581
610
624
623
625
568
641
604
592
639
611
554
629
598
629
597
623
602
583
635
