Execution time (ms)
84464
83180
85185
82049
83465
82238
84219
82909
83223
82738
59923
82823
83674
83493
83056
82570
81802
77788
81463
83679
82574
107157
83891
82425
82504
82102
83519
83767
82626
83018
82437
83593
82095
82523
83469
107288
82175
82538
83195
103992
82941
83263
90030
83670
82693
84091
82929
82773
82665
83429
82765
83095
83612
83566
93977
81796
83763
77462
80881
80484
84665
82696
83595
83484
106570
107650
79510
81607
82902
81848
82266
82747
83579
81731
82584
84128
82232
82684
82669
83022
82265
84031
82420
83421
82934
82364
83339
82822
82360
83495
82570
81473
82490
83492
82069
82022
82922
82774
87922
82734
