Execution time (ms)
25818
26390
26214
26055
26239
25679
26580
26302
25630
26350
25650
26051
25842
25939
26311
26615
26077
26237
26476
25887
26173
25824
26862
26553
25942
26280
699
25896
26186
25496
26024
25958
26119
26447
26912
25967
26680
26292
25686
25715
25759
25694
26111
26182
26817
26666
26067
25723
26316
26350
26156
25608
26152
25955
25972
26355
25619
26255
26184
26182
26665
25732
26095
26191
25897
25915
26435
26524
25791
26445
26564
26058
25827
777
26188
26447
26933
25011
26348
26220
26076
25861
26501
31905
26712
24638
26057
26113
25474
25968
26525
25862
26202
26551
26523
25882
26968
23487
26257
26448
