Execution time (ms)
17055
19129
19125
18734
18371
19076
19666
19628
19254
18914
19128
18736
19710
19176
19382
19361
18906
19012
19066
594
19336
18526
19728
19276
18831
19212
19525
19466
19473
19124
18829
18985
19382
19238
19231
19370
19333
19273
18302
19061
18329
19197
19109
21308
29667
25022
22167
23183
20472
20679
18888
20699
19931
19490
20382
25641
20174
19499
19176
18709
18911
19080
18935
19818
19689
18977
19678
18998
19041
545
19425
19359
19587
19735
18242
19611
18634
19965
19375
19113
19195
18835
20347
19171
18910
19461
19089
19150
18301
19452
18821
19364
18891
18950
18994
19203
18983
18149
18548
18016
