Execution time (ms)
20295
602
636
555
535
621
566
540
561
609
533
564
622
566
544
583
602
539
550
633
553
522
568
603
534
532
644
570
535
544
632
535
538
616
541
524
542
629
550
585
607
558
547
542
640
538
526
585
560
539
541
634
558
548
590
580
547
540
599
545
523
549
603
556
537
634
538
535
541
636
547
539
625
537
549
551
668
548
547
618
548
546
528
632
556
552
612
561
553
543
639
551
535
617
567
552
544
616
543
529
18126
595
568
538
537
584
542
545
572
584
562
556
604
560
538
567
562
580
641
699
539
544
631
538
533
548
621
543
526
618
553
538
538
623
556
538
571
576
530
537
610
557
524
528
607
529
569
603
541
538
533
627
534
525
601
550
538
543
618
568
539
578
585
530
544
635
542
539
534
603
563
569
595
550
528
534
624
536
528
599
540
540
542
609
578
547
602
565
532
535
618
557
561
575
584
579
549
619
541
532
18218
633
559
575
552
635
543
542
606
554
540
540
644
555
529
617
579
550
562
633
544
555
618
553
538
549
640
553
563
634
573
553
546
610
537
544
621
563
535
533
653
554
530
619
556
541
539
634
550
546
613
558
563
554
629
556
550
625
549
565
537
626
577
554
654
595
548
553
612
550
535
611
557
548
564
611
558
567
644
559
545
795
567
549
542
644
550
537
636
583
547
536
637
555
538
632
556
551
552
622
18292
553
530
621
533
532
573
553
527
556
625
527
528
536
589
532
520
586
545
519
523
598
553
549
560
578
541
519
594
534
530
520
649
530
523
582
580
533
536
596
550
535
532
597
515
572
599
533
535
543
598
545
537
557
563
530
525
599
533
519
533
630
543
524
584
540
517
531
587
535
536
536
575
528
546
569
553
534
523
579
530
537
544
587
524
524
589
579
557
512
582
539
522
530
578
524
525
571
537
549
18871
554
534
532
576
546
551
549
616
560
543
623
572
556
594
706
611
540
619
553
570
578
543
571
528
596
536
572
554
630
568
533
603
541
548
527
588
540
523
531
604
527
539
577
563
541
535
593
554
534
587
540
533
528
598
547
557
533
584
556
549
609
537
574
664
706
521
528
618
546
540
536
593
549
547
581
562
526
534
608
541
533
539
604
549
542
587
532
545
526
588
558
532
576
554
522
531
609
542
526
18844
592
551
557
615
611
593
671
609
599
630
582
549
541
636
576
556
630
600
594
551
678
583
595
625
579
540
595
593
542
556
606
560
549
574
588
571
560
626
547
551
573
584
554
544
601
579
550
571
603
564
551
605
569
564
571
594
542
548
603
553
535
554
629
549
544
608
551
560
546
619
554
548
642
572
545
540
627
551
554
633
569
547
550
632
542
552
616
555
553
591
598
545
564
628
579
561
588
583
562
18615
648
594
607
602
609
547
573
656
567
581
614
565
553
561
636
561
555
623
585
564
550
635
551
553
609
564
554
557
625
559
573
633
573
548
593
588
561
560
621
551
549
579
622
572
565
633
561
539
603
554
557
555
634
579
571
617
576
554
549
637
567
545
615
579
549
584
671
577
533
630
547
542
593
580
551
543
616
561
574
579
599
552
540
614
568
567
593
593
559
551
636
581
544
620
560
550
570
612
570
18932
601
540
548
578
546
543
546
588
546
559
568
575
537
533
601
547
547
531
577
565
537
589
573
542
549
579
546
546
544
582
540
550
598
555
563
549
606
546
551
583
546
541
557
587
543
546
564
570
553
557
584
538
534
548
586
538
543
589
548
548
548
601
548
536
593
559
537
549
579
536
527
539
606
558
545
592
558
545
552
596
539
549
608
549
558
563
607
533
524
596
534
543
561
622
548
555
586
588
547
18903
567
575
534
613
568
548
590
592
530
534
607
564
546
540
624
535
560
606
560
535
539
607
552
536
599
548
538
553
637
566
533
601
566
530
534
606
549
539
551
592
540
562
610
542
532
536
619
538
540
599
550
528
554
623
545
530
594
559
536
551
595
553
562
574
577
564
551
606
542
541
549
606
550
530
596
549
539
545
641
546
536
600
559
548
544
619
530
553
587
567
554
558
609
549
535
587
579
530
532
18788
608
551
631
547
554
542
619
536
551
606
586
569
543
623
544
539
598
563
561
553
630
558
582
628
554
547
555
638
542
549
649
575
545
572
642
576
550
616
548
549
576
597
550
552
614
547
550
609
603
541
543
613
572
544
551
620
553
532
629
577
541
592
592
535
552
621
547
549
552
609
546
564
618
567
541
539
640
546
543
610
543
550
551
657
545
542
622
556
546
556
622
563
553
626
555
569
566
611
553
18575
641
558
563
558
657
583
582
666
590
588
640
633
619
565
658
544
577
653
562
546
588
585
541
552
669
588
581
637
574
545
556
635
539
538
595
569
533
545
612
554
546
589
593
541
551
625
551
556
579
571
538
540
635
564
539
549
612
541
556
616
555
604
683
719
544
545
656
568
559
631
561
568
541
648
550
546
611
572
528
540
643
547
547
596
561
535
555
656
549
526
598
615
547
550
638
553
538
588
587
18588
606
712
575
577
700
599
540
631
596
563
546
646
556
546
632
572
615
612
645
536
555
646
574
542
610
579
546
542
639
565
560
603
613
547
546
658
561
554
628
555
534
541
664
566
556
641
566
540
549
642
556
531
628
550
544
547
630
555
543
634
550
540
543
630
547
558
610
561
546
550
630
548
576
606
565
544
556
635
539
544
621
560
539
545
614
531
559
613
560
538
549
651
555
541
621
554
549
541
637
18030
657
543
632
536
554
551
625
550
528
595
580
538
531
631
542
529
595
593
534
538
609
555
542
520
632
529
540
615
540
534
541
640
533
540
583
563
524
533
618
539
522
550
603
554
534
594
540
540
532
606
529
541
585
547
553
556
593
531
528
565
568
557
522
595
541
530
530
611
560
524
586
563
540
521
595
537
517
546
599
537
554
610
532
530
530
591
553
525
552
593
530
536
595
573
533
523
585
536
525
18969
616
546
579
540
538
539
587
572
541
567
542
537
569
612
555
543
546
596
558
679
628
552
538
592
606
556
547
610
553
548
581
571
534
548
602
561
559
541
609
544
541
625
560
532
534
617
548
537
604
585
554
545
619
547
550
592
553
547
544
616
558
564
593
572
534
549
605
547
557
595
571
546
538
623
582
545
588
573
545
556
610
556
535
604
571
562
562
616
546
548
565
596
536
552
609
549
533
540
642
18298
599
523
616
542
526
612
574
535
537
605
544
544
585
573
529
530
600
556
560
577
572
540
533
607
552
532
541
620
522
543
610
589
549
535
609
525
539
598
552
554
551
613
554
580
586
555
532
531
611
543
544
562
578
541
549
619
563
545
530
633
549
546
618
544
563
542
643
558
554
622
558
526
531
1055
538
566
573
536
538
624
563
547
566
595
530
538
620
547
542
527
600
547
561
614
546
530
549
610
556
18283
577
606
541
527
562
588
538
524
592
542
541
547
626
529
525
601
555
521
528
607
535
532
533
596
569
537
614
559
534
527
619
526
540
581
588
543
526
631
578
553
599
572
530
535
598
539
531
540
599
542
541
621
564
525
537
607
523
523
589
548
528
534
602
540
550
539
607
522
537
603
536
527
538
594
530
529
576
582
543
538
615
543
530
537
594
530
537
603
541
532
544
607
540
528
571
603
531
527
634
18475
581
548
632
582
538
635
559
551
556
648
611
576
672
611
601
697
601
617
679
573
558
569
656
557
550
634
558
562
571
651
578
603
678
558
565
619
569
554
553
678
562
574
609
570
547
569
640
543
557
629
549
555
588
581
549
548
622
565
551
583
605
545
534
630
567
599
750
586
545
551
660
549
545
627
591
544
557
654
567
542
631
571
554
577
623
559
547
650
576
551
604
607
554
550
638
554
547
623
569
18405
577
607
552
571
563
693
583
573
656
601
590
649
561
579
586
624
544
558
625
579
577
625
638
598
550
688
564
542
642
562
559
548
625
551
539
629
557
541
551
650
542
539
636
558
543
559
618
537
541
611
567
549
563
641
551
544
622
562
550
547
623
546
546
629
568
551
561
624
547
536
625
562
544
553
624
553
542
605
545
550
551
629
705
559
615
564
542
627
598
543
555
632
546
551
618
551
557
562
643
17510
696
574
572
656
623
570
613
577
557
579
647
554
545
623
552
538
554
634
538
562
621
566
538
538
638
546
549
641
554
540
530
625
555
573
624
556
546
537
621
540
545
640
551
547
536
650
551
532
638
562
537
544
620
530
547
622
580
576
583
644
540
548
626
575
578
548
613
548
548
630
592
552
571
601
544
533
620
561
547
12648
581
547
543
633
542
532
561
613
531
531
586
560
540
547
629
543
531
595
569
17869
569
557
608
556
542
545
613
584
553
609
553
539
551
627
552
550
604
565
542
550
630
561
548
604
577
556
554
619
552
548
597
561
589
548
612
538
548
603
562
548
558
628
558
555
602
592
564
548
611
540
536
599
545
531
551
619
617
554
610
557
554
552
607
552
544
596
557
542
563
620
557
540
595
552
562
551
626
568
557
598
551
566
572
592
546
570
591
551
563
552
590
559
552
603
564
564
551
595
563
19136
594
536
536
588
541
540
538
585
538
535
580
559
572
557
586
552
533
567
569
526
528
578
556
531
534
598
562
534
594
543
532
535
587
535
532
549
598
553
555
581
547
544
539
605
546
557
588
554
535
534
590
560
530
543
600
530
528
581
552
543
532
576
531
565
580
535
535
541
575
542
546
540
586
549
539
580
557
554
558
575
546
530
545
578
521
572
580
532
554
553
595
530
522
580
561
549
543
605
555
18762
619
561
565
551
616
564
18051
542
591
606
556
545
609
577
567
593
556
546
560
603
561
570
604
580
560
555
594
554
538
590
576
578
545
604
568
569
587
551
543
573
613
560
556
573
591
572
570
596
564
555
597
576
564
565
593
570
537
571
591
567
557
601
567
558
584
571
537
536
600
938
554
603
571
554
597
562
535
551
616
556
559
575
593
563
569
604
550
533
554
578
552
562
596
564
582
588
611
572
597
18395
550
548
549
601
554
527
542
589
533
562
580
535
509
544
592
533
601
752
571
522
541
621
544
553
621
614
562
535
619
538
541
573
554
523
542
589
540
541
579
656
563
548
640
544
527
562
595
526
532
591
536
547
538
600
573
525
578
565
538
534
594
536
543
523
601
541
580
582
539
544
540
610
541
516
567
584
527
535
591
548
530
533
610
538
523
599
549
531
537
600
536
537
562
563
530
537
596
551
526
19015
567
598
579
659
572
599
673
557
539
570
598
563
532
612
539
575
586
580
528
542
619
542
566
586
590
542
539
607
550
523
548
625
534
546
623
586
538
590
594
561
550
594
554
542
545
613
543
557
592
563
542
532
611
537
545
602
561
541
537
647
575
546
588
559
547
541
608
553
565
574
577
568
544
618
538
551
569
589
533
539
608
574
525
545
626
561
539
609
546
557
550
618
546
541
598
551
564
544
623
18436
594
575
605
664
708
663
548
549
634
569
551
609
595
543
551
668
582
556
632
567
547
583
624
555
542
629
551
571
588
622
546
544
621
583
554
580
619
582
543
625
585
538
599
589
540
549
622
566
564
608
573
586
565
626
549
549
620
566
549
551
615
552
547
616
586
578
560
635
539
558
604
556
548
552
610
548
566
631
555
551
556
629
544
546
600
550
565
551
628
571
544
596
550
554
549
610
562
544
616
18740
567
575
578
558
537
605
559
563
591
580
543
543
604
556
559
551
601
558
553
597
580
563
542
602
543
548
613
567
559
566
632
551
570
625
572
536
537
611
557
571
608
560
554
555
634
558
551
604
545
550
554
611
576
549
608
558
576
570
595
549
552
617
552
549
554
610
583
550
635
591
556
573
576
562
546
602
563
549
549
599
562
575
604
572
543
555
601
555
541
608
571
547
557
627
578
555
638
556
558
18650
628
555
554
618
566
550
598
589
561
547
613
629
568
623
571
561
543
618
559
555
622
559
571
569
644
562
552
609
556
543
551
627
541
553
609
573
556
568
646
547
540
635
589
555
594
569
546
544
600
559
544
540
594
543
575
613
560
547
546
597
548
550
589
563
549
543
594
571
530
604
550
555
539
592
546
546
567
573
567
570
621
544
546
558
572
529
556
609
541
554
539
625
554
545
583
550
540
539
598
18380
648
571
617
548
558
612
558
551
564
608
568
573
608
610
597
640
626
589
605
694
601
552
634
569
574
564
603
559
560
620
560
588
604
615
604
562
639
562
561
601
562
544
557
610
564
560
598
566
550
544
613
557
567
606
562
549
566
599
564
585
610
589
557
556
623
559
549
605
563
570
552
617
570
543
599
549
544
535
599
559
565
595
559
557
541
610
570
551
586
574
543
576
598
561
551
592
564
567
555
19113
566
563
589
554
539
600
544
591
575
649
601
600
669
548
610
745
668
569
575
650
544
559
621
563
554
542
614
555
564
626
556
555
546
618
536
546
592
559
544
544
620
583
567
601
553
549
542
609
549
548
582
573
558
566
638
550
544
600
573
547
565
620
568
554
592
623
555
529
626
559
551
618
575
555
546
643
544
575
633
558
545
553
631
546
554
626
560
542
552
667
553
539
647
555
545
559
634
566
559
18289
686
568
552
646
606
580
657
614
557
560
675
548
558
624
579
551
567
653
548
543
639
576
553
581
627
559
555
660
571
550
621
584
561
579
667
545
554
622
582
549
546
673
560
558
625
577
552
574
625
555
535
639
574
555
602
591
581
572
624
560
567
595
607
560
545
641
565
545
612
610
549
554
653
559
566
634
574
564
559
627
561
549
645
560
562
601
636
549
545
643
557
549
587
610
547
556
622
570
535
18655
619
558
571
682
551
578
609
590
540
538
675
579
556
662
580
568
556
655
550
548
651
556
557
588
595
551
563
633
562
558
608
592
555
542
667
536
546
622
606
540
564
647
550
537
648
567
538
553
649
553
589
646
558
549
591
596
558
536
653
575
529
586
618
555
532
623
554
531
592
599
545
549
614
556
550
610
577
553
539
633
557
538
591
583
548
533
641
569
543
577
587
540
552
612
572
537
571
591
570
18429
604
548
541
540
594
571
577
613
565
532
542
601
565
533
576
556
550
552
601
570
557
551
581
541
544
612
546
555
543
614
545
552
611
537
533
539
589
546
537
588
546
553
547
618
560
545
562
579
547
544
595
568
538
539
605
567
543
598
547
527
569
604
541
541
578
551
532
537
615
595
548
573
570
539
543
587
538
546
535
599
550
555
625
550
557
538
611
554
546
597
549
533
559
605
560
539
616
560
542
18873
601
535
522
586
535
515
538
602
530
521
545
576
553
546
583
533
538
521
583
523
514
590
547
529
517
589
552
552
533
607
536
520
576
540
523
536
586
526
553
541
572
522
522
580
549
524
526
584
538
533
537
608
543
524
590
532
528
533
572
531
532
527
583
535
544
583
538
554
547
558
542
534
541
558
537
526
573
555
549
517
578
535
517
549
566
525
530
579
544
557
551
580
544
531
548
537
531
526
574
559
537
550
613
569
541
584
569
537
541
588
550
549
588
579
571
579
600
562
550
599
572
548
565
634
562
564
604
587
565
559
598
561
562
601
575
551
558
608
563
571
617
561
578
546
612
558
545
609
578
554
554
628
553
575
643
584
567
580
592
556
561
601
564
566
569
595
572
574
629
556
549
596
573
550
554
643
548
575
602
606
556
558
622
558
563
615
556
569
555
618
584
574
615
567
547
566
605
557
560
610
592
558
563
663
567
558
604
565
565
597
581
558
550
607
566
587
616
559
575
551
624
566
556
603
566
557
560
636
585
564
603
589
557
559
608
571
572
604
576
582
584
583
567
551
608
561
562
591
590
562
553
611
593
558
593
621
588
599
676
593
599
677
645
566
619
579
582
584
632
560
560
602
588
558
563
610
593
652
736
599
556
621
577
581
556
623
559
567
617
559
574
636
596
557
570
630
568
568
685
18554
579
534
598
543
520
519
614
528
522
590
550
534
537
610
556
523
568
569
529
542
616
557
527
531
602
529
540
567
572
562
526
589
543
536
557
583
532
549
597
545
542
536
602
546
523
564
565
536
534
627
547
528
543
578
542
520
595
543
554
532
585
547
537
572
554
540
529
584
552
534
528
624
533
522
584
542
534
576
657
563
560
652
603
531
530
598
568
532
573
573
534
524
588
549
540
532
615
564
576
18505
574
543
540
641
583
562
618
584
560
535
665
541
553
601
593
564
548
674
550
549
644
563
533
561
667
538
539
625
574
555
576
624
551
550
639
572
538
578
627
535
535
655
574
540
591
593
541
557
648
564
538
586
597
564
554
620
557
539
599
581
535
539
658
544
548
606
607
541
533
647
544
535
595
579
538
555
645
549
585
627
572
534
543
643
548
536
596
593
539
539
653
551
533
609
572
531
532
650
537
19088
591
538
549
619
579
530
538
624
566
565
612
552
548
563
607
529
537
633
553
540
544
657
558
537
623
551
536
545
632
540
545
612
554
571
557
624
522
547
623
544
541
540
631
534
551
622
553
554
542
629
548
543
628
547
536
551
633
559
569
597
567
542
534
609
546
544
580
599
536
540
635
581
543
602
547
529
545
605
542
542
580
594
570
565
608
550
544
568
598
533
533
625
566
556
550
632
545
544
613
18353
568
540
643
571
548
575
611
547
544
617
567
542
579
598
565
549
635
566
546
575
600
553
546
613
543
542
560
638
549
544
637
552
535
557
589
550
551
635
562
571
596
576
563
552
617
552
542
563
605
547
543
629
573
536
566
626
553
544
623
558
545
569
588
562
564
610
553
567
562
597
563
556
649
562
549
583
598
553
539
617
569
552
575
601
537
543
628
580
565
590
578
547
544
624
561
557
600
571
533
18896
653
540
543
613
561
531
538
646
547
543
610
556
547
546
646
539
551
614
563
567
550
629
535
540
616
553
545
573
634
554
535
621
569
549
537
615
539
538
608
559
549
535
617
553
582
615
564
556
533
627
545
553
606
570
534
553
641
568
548
601
549
538
550
619
578
557
604
547
553
571
627
552
542
605
555
538
543
612
549
545
595
611
542
537
622
557
540
572
627
576
578
690
587
599
676
624
600
611
595
18493
527
607
530
540
525
601
551
521
539
595
548
523
600
533
528
515
614
531
521
560
571
544
568
613
558
525
539
569
537
525
606
538
527
524
612
557
536
578
564
513
515
611
539
523
528
595
537
550
549
561
530
518
604
559
523
526
622
542
542
579
559
521
527
606
528
518
539
587
516
532
600
541
560
524
587
533
535
561
559
535
573
717
610
531
514
637
568
546
642
585
556
546
685
584
544
627
548
527
534
16774
575
543
632
558
594
553
632
547
560
639
574
547
598
587
653
654
738
609
563
605
625
559
548
632
560
544
591
606
546
550
649
549
555
591
585
541
541
635
572
553
576
608
549
538
667
558
542
587
603
540
538
640
559
553
607
569
540
544
653
536
527
576
594
550
543
641
590
548
617
576
541
541
655
547
546
612
566
559
545
644
560
557
617
596
592
593
665
574
574
706
551
541
611
596
558
545
641
559
557
18585
563
535
527
605
539
527
522
615
540
517
591
548
542
541
611
553
558
616
589
533
531
627
554
539
567
599
537
526
606
554
516
520
613
531
526
582
563
553
551
610
527
519
597
563
525
516
626
543
532
522
650
534
533
598
552
540
533
619
526
518
566
588
536
561
611
562
521
525
614
528
536
641
550
527
544
648
538
530
603
543
527
535
619
540
540
557
598
541
536
613
537
525
522
617
526
531
588
548
522
18720
654
551
551
635
545
531
543
646
551
545
606
557
545
548
614
537
540
593
546
552
552
596
558
545
569
565
552
544
589
558
543
580
592
532
533
609
540
540
535
616
540
554
614
580
566
543
617
543
537
601
565
535
546
594
575
545
592
593
532
541
588
544
540
563
601
541
533
596
561
568
561
595
522
544
594
560
536
538
613
528
547
588
579
556
534
604
536
524
567
596
543
545
602
557
545
586
572
536
548
18318
650
571
565
600
564
546
553
622
538
538
619
561
546
542
652
553
554
615
580
565
562
603
557
542
638
556
578
604
579
555
547
622
554
544
571
593
550
545
639
592
554
589
573
541
538
622
556
562
578
590
588
562
620
565
547
605
574
548
543
636
569
546
611
601
568
552
620
557
547
614
573
551
554
623
549
564
616
576
553
547
625
557
533
611
571
544
545
646
561
557
605
556
540
548
596
566
553
599
558
18830
628
555
551
549
618
535
553
546
634
573
534
609
550
544
532
617
567
534
583
551
567
555
612
544
539
618
565
557
538
608
554
543
614
564
549
541
603
561
535
584
557
550
538
584
574
551
553
573
552
541
596
549
545
557
581
540
542
594
582
541
547
588
539
540
594
546
543
551
592
557
555
545
584
553
545
585
547
544
558
605
534
551
603
583
540
539
583
555
557
581
571
542
540
597
559
566
603
606
575
16928
592
525
516
575
551
531
549
621
536
532
566
560
523
518
604
538
517
545
611
537
527
572
560
521
530
602
536
510
514
603
526
521
577
564
533
525
608
553
539
525
608
523
513
603
543
526
540
604
538
521
546
596
543
518
622
537
527
517
596
553
527
536
590
541
523
602
537
519
532
610
530
527
572
553
537
524
617
545
520
516
611
535
540
595
545
517
522
600
533
527
541
612
640
623
535
649
532
518
620
17995
633
536
537
633
566
535
584
589
545
550
636
564
550
578
608
541
540
648
566
536
581
596
547
534
614
554
534
549
642
542
525
635
565
540
553
625
541
544
613
575
543
542
662
536
537
617
546
540
542
677
536
545
613
556
536
548
649
536
537
621
562
561
533
634
547
554
632
571
552
532
637
552
545
628
556
541
536
643
524
550
633
558
543
554
654
548
538
611
574
550
547
644
541
567
666
574
569
659
631
18640
554
628
557
534
18127
624
587
530
531
631
550
522
591
595
529
529
642
551
548
568
613
538
552
627
552
534
567
581
539
560
615
557
542
539
616
521
523
601
546
543
535
643
540
530
573
565
545
528
601
562
539
549
587
556
556
596
543
520
531
617
556
552
616
554
528
538
638
538
512
588
580
554
546
606
530
522
552
607
564
550
599
559
544
554
798
537
527
603
537
555
626
573
549
538
602
536
524
585
599
18393
561
599
556
550
541
595
560
558
586
552
556
562
606
543
551
549
605
540
627
749
594
544
627
567
561
546
614
539
553
596
563
539
541
630
540
565
639
565
555
534
613
547
544
610
553
542
536
614
578
524
614
559
553
546
622
552
540
578
591
560
551
619
547
531
605
579
535
548
607
552
536
559
630
570
531
619
550
553
574
582
541
543
612
550
579
596
618
549
544
625
546
549
568
604
546
536
657
598
556
18894
582
586
632
610
537
546
640
562
556
598
557
543
544
625
597
557
618
581
563
551
645
547
568
614
579
552
559
649
566
560
643
562
551
588
593
546
568
630
576
577
631
569
560
550
636
584
539
639
552
548
560
661
562
545
609
566
553
565
616
558
556
624
582
574
598
580
542
574
624
556
562
603
585
569
548
619
571
544
617
551
549
540
627
575
550
627
557
580
557
634
557
552
625
557
557
550
623
556
555
18799
574
546
17420
516
514
599
544
519
509
636
540
540
596
541
541
516
600
519
511
525
624
542
515
594
539
558
520
597
525
537
578
559
507
505
573
533
530
518
580
573
541
568
537
516
512
571
519
520
517
646
587
573
603
568
556
563
632
597
524
614
559
550
542
567
536
520
518
576
530
573
643
578
548
531
577
531
541
540
560
550
549
614
535
516
526
586
537
520
569
565
546
538
584
528
518
513
582
548
511
18156
562
521
494
496
570
502
512
491
539
506
501
494
568
505
501
501
547
503
487
491
556
498
499
487
555
522
507
499
535
506
497
519
532
500
506
528
518
498
497
554
546
654
495
548
518
505
513
564
514
486
494
562
526
540
522
632
533
541
645
510
505
516
567
539
522
505
577
516
496
497
599
531
546
551
557
516
515
588
504
505
509
565
503
495
505
563
502
516
525
565
498
500
570
512
516
490
567
510
498
18479
643
562
546
547
624
559
550
628
556
562
543
619
555
538
612
559
551
550
621
554
551
598
564
552
553
627
552
540
613
562
544
533
611
551
549
607
578
585
584
665
547
573
626
557
552
541
637
548
570
664
594
585
612
652
541
547
627
570
577
601
576
565
551
607
569
549
595
569
551
534
644
576
562
604
592
552
565
645
545
560
636
544
569
559
633
553
546
634
558
556
555
624
540
557
651
605
545
562
607
17507
570
531
544
606
570
553
520
609
542
533
623
540
534
523
599
561
573
580
550
533
538
624
563
541
576
569
549
556
626
569
540
568
580
554
537
603
534
528
538
595
564
575
593
559
521
564
607
542
556
583
546
530
539
637
559
532
949
551
538
571
566
537
529
597
550
566
570
584
530
559
611
552
537
536
590
532
528
585
594
17944
565
546
594
551
530
534
611
557
547
591
538
531
544
588
555
551
591
550
557
548
580
534
528
534
590
527
527
570
541
530
524
576
550
540
536
582
519
523
569
532
534
516
589
545
536
559
592
550
522
592
527
521
529
581
533
528
520
588
527
523
589
544
522
529
569
541
516
550
567
527
553
579
524
533
521
562
546
517
528
584
535
533
568
563
551
529
578
528
543
531
572
520
538
539
539
532
549
591
544
534
520
581
521
513
560
538
526
528
601
553
547
553
578
540
544
576
553
558
536
18352
518
519
514
567
523
521
521
551
523
525
523
585
546
544
545
525
526
510
561
530
517
522
563
538
544
521
557
534
516
549
543
515
523
551
522
518
536
577
544
515
508
582
515
525
559
539
518
537
558
519
541
529
551
537
518
504
581
531
508
566
531
518
508
573
536
521
514
572
646
517
555
528
518
536
578
529
536
546
565
528
536
500
573
499
518
562
528
528
528
566
561
547
507
566
531
521
528
551
509
18406
596
616
543
523
591
566
541
538
602
541
524
582
619
558
531
615
544
549
558
600
535
529
609
563
544
571
627
543
549
617
548
524
532
637
531
547
626
565
535
536
622
536
538
600
570
534
543
606
566
573
582
564
549
535
619
533
534
572
580
554
564
637
564
533
561
592
544
563
623
548
549
543
598
560
549
646
586
569
618
622
575
592
702
637
545
639
574
551
569
596
529
542
618
563
578
581
684
587
545
17613
562
631
552
535
596
580
547
539
623
550
536
601
568
556
545
635
538
535
574
587
536
545
617
554
546
544
625
535
532
19036
682
550
662
569
551
571
618
549
542
635
569
565
637
623
573
591
705
586
543
658
560
572
629
599
547
537
680
541
579
673
618
565
545
701
537
549
642
570
532
604
617
539
553
646
554
539
622
573
549
546
643
556
545
636
631
540
556
671
550
547
649
559
535
547
648
528
542
635
562
18058
594
540
653
534
532
607
566
553
537
649
552
530
633
568
545
527
629
535
554
642
563
530
538
659
532
548
626
543
540
536
644
527
544
621
553
578
575
687
574
583
712
585
534
618
601
558
540
658
541
544
610
576
544
528
643
560
534
632
589
548
535
647
550
542
619
563
530
525
644
563
560
634
578
524
524
678
583
554
611
591
544
554
667
567
563
624
570
527
534
661
533
548
634
693
658
688
569
548
542
18521
574
578
616
575
559
554
627
562
545
604
565
572
566
642
582
550
608
562
564
559
631
567
558
628
579
580
587
588
567
20268
592
620
550
542
602
558
555
545
613
551
553
617
578
548
552
626
557
557
606
568
547
574
645
563
588
638
549
543
564
622
552
552
636
566
530
615
625
560
547
614
569
549
611
569
545
551
658
564
571
616
580
543
546
659
555
557
627
611
577
587
631
557
567
614
548
542
578
597
561
18242
574
611
521
508
566
535
518
508
605
538
518
513
625
511
520
551
564
522
508
595
520
495
505
600
562
545
570
579
508
523
593
526
518
520
599
574
535
583
578
510
504
610
528
511
511
607
509
520
552
609
546
520
605
523
519
530
606
515
504
554
544
515
517
593
539
515
510
616
540
498
544
582
513
511
579
581
521
507
623
525
511
514
638
517
507
571
554
538
527
616
530
499
510
603
495
518
577
529
516
19222
587
554
594
614
555
551
654
589
562
629
581
558
534
633
547
551
638
553
552
575
653
551
555
622
563
549
575
623
556
543
624
584
556
592
605
557
555
632
572
547
643
597
547
558
686
567
547
646
573
567
548
629
549
558
636
564
577
608
588
550
556
623
573
550
609
577
556
538
643
582
559
616
579
557
546
652
590
578
625
557
569
581
626
552
553
630
565
555
616
570
559
544
666
567
550
618
561
549
554
18531
599
547
532
596
543
557
617
544
527
529
592
557
555
580
596
562
573
656
587
575
632
639
589
535
636
545
551
604
560
551
539
605
550
573
638
600
569
548
645
551
547
630
555
528
540
610
547
542
608
561
533
532
627
554
538
580
554
539
547
594
540
537
529
616
546
540
610
534
551
535
593
550
533
559
591
535
539
599
558
539
571
579
551
522
597
555
534
527
606
540
535
601
542
533
538
598
543
537
542
18413
640
635
627
679
547
546
633
579
558
602
583
553
558
626
552
539
598
574
538
534
614
562
540
566
592
524
541
601
544
528
551
646
548
585
600
550
538
529
628
555
549
604
549
532
541
628
558
539
596
546
540
541
600
553
551
594
586
542
558
625
542
534
576
612
536
538
602
568
532
541
650
552
536
617
558
536
540
604
535
536
597
546
560
554
621
548
529
613
546
541
545
601
555
531
591
580
533
527
611
19220
613
570
540
532
585
534
528
18433
653
545
536
568
586
536
534
597
544
554
549
608
557
532
598
557
530
524
576
554
548
577
543
533
546
615
566
542
539
612
549
525
598
544
534
534
588
550
558
605
562
543
537
598
559
550
593
551
529
560
634
565
531
566
568
537
542
599
539
557
544
610
548
570
604
539
544
538
617
553
549
594
542
521
534
611
564
532
544
595
538
530
576
547
534
533
607
543
567
611
578
17968
609
536
603
539
544
563
567
539
532
596
544
528
531
600
548
532
594
576
548
535
592
547
520
520
575
548
530
575
532
549
553
579
541
534
542
558
540
531
586
525
549
536
588
552
532
556
544
540
553
567
554
542
523
583
542
553
588
531
527
530
599
547
563
544
601
513
533
586
574
535
540
620
534
503
541
588
520
520
601
558
542
533
607
528
527
574
563
532
527
601
545
532
524
620
562
531
609
536
530
18456
689
582
538
569
588
553
559
622
552
560
585
617
543
554
638
580
552
572
610
542
538
622
558
573
597
568
550
555
652
554
543
605
576
548
573
625
564
552
610
589
557
540
663
550
547
619
553
552
540
643
543
569
677
563
556
562
607
550
552
622
553
551
602
620
557
544
614
567
554
593
579
551
533
617
577
574
600
577
533
530
646
562
546
577
590
560
557
624
580
556
611
559
542
552
610
563
548
598
597
19059
646
551
546
546
660
554
596
619
581
535
544
661
529
544
631
554
542
543
634
533
532
601
571
541
547
644
541
543
585
554
553
531
619
549
532
590
580
547
535
609
555
539
533
622
541
538
611
561
527
523
625
547
525
582
549
540
528
623
546
534
554
614
536
541
609
546
537
531
615
526
530
614
541
536
534
629
569
569
612
564
538
545
623
536
549
539
627
539
543
613
537
536
527
640
537
526
603
561
557
20283
570
609
576
542
641
569
538
562
619
589
579
684
555
530
612
600
536
529
662
562
537
627
569
549
541
649
530
542
637
572
541
525
624
546
544
590
569
560
548
626
555
545
606
600
554
541
633
548
533
592
589
556
546
648
542
540
589
567
528
535
623
554
545
589
609
574
540
611
549
531
589
614
572
535
629
561
555
587
581
545
547
631
572
546
605
569
546
539
644
585
539
592
583
541
546
598
551
533
568
17916
659
526
527
556
603
543
546
671
562
522
521
660
529
520
584
561
528
521
624
556
514
568
585
519
522
593
551
527
517
635
512
532
557
603
525
505
616
559
510
514
634
526
513
587
551
522
513
626
529
513
528
625
510
510
600
554
519
526
612
530
518
525
631
516
505
598
554
508
512
610
537
533
550
576
523
529
592
562
509
515
628
516
529
553
573
512
509
582
544
515
513
601
554
516
532
586
510
523
568
18488
558
535
603
557
547
537
612
552
565
596
564
553
545
604
545
548
582
545
528
534
624
561
549
575
598
543
537
602
558
543
534
616
522
566
608
550
542
548
584
559
530
607
543
534
528
621
567
530
557
581
546
519
602
556
535
529
610
542
557
611
551
544
526
633
569
551
588
577
529
530
634
567
539
615
596
537
557
615
552
539
581
587
556
564
624
550
564
573
579
536
539
619
553
558
588
609
532
572
676
642
594
671
622
556
549
655
581
559
662
590
567
621
597
561
563
659
560
574
669
581
549
586
622
555
549
649
573
559
640
628
594
557
650
568
585
650
576
573
609
585
566
583
660
575
571
630
576
563
578
617
545
559
642
587
578
607
600
554
565
633
566
563
630
565
562
597
618
560
557
632
588
560
593
596
563
562
651
584
550
619
563
553
553
643
575
559
634
566
583
583
620
548
549
658
567
562
609
577
549
18843
588
536
556
591
560
537
523
623
553
545
631
539
531
527
613
544
549
584
566
539
562
598
552
542
561
574
531
535
599
18794
571
585
530
535
543
579
540
524
526
584
554
553
582
544
533
527
590
546
528
534
570
520
546
593
560
535
519
570
544
530
531
571
533
530
584
541
547
555
582
535
533
572
558
533
548
590
550
531
532
616
555
540
572
541
525
528
587
535
527
523
596
546
542
580
554
514
538
607
532
19403
557
538
553
612
532
550
648
588
602
588
636
557
538
615
543
523
539
599
554
553
595
553
541
545
608
557
554
573
577
540
534
602
549
525
548
628
537
524
619
550
544
535
622
554
539
598
562
541
539
612
557
549
610
540
545
527
621
544
558
564
595
553
538
599
557
536
542
624
537
540
593
564
539
543
614
538
554
600
558
558
546
617
543
562
597
557
558
536
603
542
538
556
583
541
553
601
560
540
540
18127
613
531
539
577
551
530
532
626
560
554
593
555
525
530
605
534
540
541
621
556
535
639
576
532
553
628
533
532
608
567
544
542
630
560
552
607
546
532
538
626
540
530
571
570
531
528
613
580
535
563
569
527
553
608
555
554
545
606
529
561
610
555
532
527
599
553
526
569
576
539
526
617
550
556
552
605
543
539
598
554
536
523
606
544
575
586
556
521
557
600
536
528
564
582
527
541
605
564
532
19120
623
532
523
564
607
528
514
594
543
524
539
626
524
530
593
547
556
546
590
541
546
541
549
519
535
596
550
529
508
617
548
529
558
550
528
525
575
526
513
530
601
540
535
568
549
522
527
586
540
527
524
589
538
527
548
573
535
543
588
538
532
536
601
536
542
554
557
532
553
600
528
532
524
598
531
530
568
541
526
522
593
558
532
547
592
528
524
586
531
540
529
570
534
562
546
588
537
524
584
18327
559
569
623
555
539
533
610
541
541
572
571
543
543
622
572
538
571
576
549
525
617
555
548
526
618
554
571
624
544
554
552
623
548
556
615
562
539
541
622
554
544
587
552
551
545
611
552
533
600
589
562
558
602
551
543
607
544
538
549
611
554
533
569
601
553
546
623
558
549
567
585
551
544
596
556
562
565
604
557
562
619
556
546
557
600
550
539
621
570
552
550
621
549
547
611
548
547
539
627
19069
591
548
522
516
588
524
531
536
623
525
525
554
551
514
523
584
538
520
541
630
541
532
583
562
527
520
600
549
526
519
598
523
518
566
549
524
569
568
516
510
529
574
540
521
561
552
526
532
594
553
532
532
578
531
542
580
539
529
524
577
526
547
545
582
532
522
538
540
514
524
577
528
521
530
595
547
523
537
555
526
544
583
528
540
528
577
528
551
522
577
526
543
581
530
515
527
571
531
523
18207
595
668
598
598
698
629
553
540
609
572
552
594
559
557
549
592
604
593
676
574
569
577
624
563
562
598
558
548
551
648
554
583
602
566
553
556
600
559
539
606
547
557
545
619
550
557
652
558
543
546
606
556
538
602
561
549
537
612
578
567
606
565
546
554
612
549
546
611
560
547
555
599
542
552
593
547
553
539
586
543
541
566
613
545
552
604
552
546
571
584
549
545
602
587
544
550
598
548
546
17859
538
605
538
567
628
565
542
532
596
539
539
570
546
533
541
611
597
537
546
589
539
552
600
543
534
530
578
541
550
593
546
536
551
601
551
542
548
585
536
544
589
569
555
537
609
541
538
585
542
534
549
606
556
546
793
553
551
539
604
530
539
588
549
537
543
616
572
533
575
550
557
533
590
538
550
529
605
551
564
609
547
533
532
591
539
536
561
555
522
529
613
553
532
532
604
537
557
605
545
18089
623
530
614
550
549
602
565
559
537
603
553
580
624
558
553
557
622
552
560
618
578
535
579
633
555
554
617
563
554
544
618
562
562
611
549
577
594
572
556
548
616
562
541
561
601
559
555
634
566
535
548
590
546
549
588
566
543
555
626
559
557
607
558
544
559
612
564
549
609
559
527
549
623
555
556
609
560
555
560
622
553
565
603
569
579
555
624
559
559
616
551
547
555
609
545
546
616
580
556
19130
577
556
583
649
563
550
632
563
549
599
580
559
546
622
563
570
606
579
568
548
620
547
549
619
554
549
546
621
591
558
617
566
548
561
631
557
545
626
573
574
549
626
558
555
623
560
567
561
616
570
536
637
594
551
581
588
553
567
620
564
543
580
590
578
570
615
555
559
607
560
556
558
621
577
553
613
596
576
560
610
554
548
605
570
557
544
626
572
572
605
569
555
559
640
542
543
626
549
550
18520
617
532
528
553
569
527
528
582
576
557
545
599
541
527
586
551
533
526
632
568
548
564
612
552
535
613
536
538
545
595
527
531
611
553
557
557
610
531
542
591
552
542
546
600
568
537
596
577
532
528
611
545
554
566
577
533
537
600
559
544
528
615
535
539
588
552
533
527
603
542
534
545
626
563
531
590
543
526
538
608
546
548
594
551
545
553
605
537
534
609
544
528
537
603
546
534
535
616
543
545
605
548
531
526
613
533
523
586
575
563
576
614
561
560
582
593
543
552
604
576
538
600
582
567
545
630
593
590
648
598
588
619
649
601
574
636
562
564
624
549
543
557
630
550
583
651
612
591
547
628
555
566
625
562
550
582
592
541
551
628
564
556
569
611
547
552
628
567
561
577
599
563
541
610
562
545
580
579
543
538
592
555
544
561
589
554
538
600
558
552
544
591
534
543
589
556
549
561
596
18717
558
598
554
543
541
588
542
551
568
554
551
552
597
541
534
543
610
539
535
593
569
568
568
662
574
578
677
563
541
551
601
559
529
604
546
560
545
592
542
547
619
545
542
566
603
543
532
572
549
545
533
577
545
535
539
646
556
552
582
545
546
539
586
535
539
581
542
560
589
596
549
554
595
553
534
550
580
551
537
537
621
555
522
583
553
539
535
587
549
546
600
551
543
582
589
554
553
547
569
18047
595
562
595
565
548
560
573
549
531
584
545
547
553
612
562
546
604
550
549
525
592
557
547
581
549
550
577
601
544
542
558
574
544
541
586
560
546
536
593
554
545
604
533
539
530
592
555
559
576
580
563
558
592
545
538
550
591
537
543
591
552
536
533
628
553
540
588
553
561
532
599
559
526
566
556
545
551
596
538
546
561
601
545
542
614
578
536
548
651
558
543
623
555
546
581
619
540
535
606
17962
540
543
547
604
546
533
523
621
535
547
599
536
533
527
606
551
539
578
566
539
528
635
568
541
546
583
532
533
595
562
536
548
636
547
556
616
555
529
526
630
536
517
592
571
544
834
600
540
535
607
534
518
534
623
549
545
628
556
556
539
631
535
534
603
547
544
533
605
559
545
581
593
521
546
625
542
538
579
573
522
526
603
574
553
545
615
528
547
599
558
530
540
620
530
530
584
590
552
549
18497
589
540
530
653
557
542
623
560
570
549
644
540
547
618
551
597
564
634
558
543
617
559
559
550
612
565
563
649
606
577
635
691
547
544
649
569
549
573
609
572
554
670
558
550
624
559
531
570
666
548
552
627
581
536
551
666
546
555
639
582
562
565
631
616
711
731
702
619
550
615
635
551
569
672
551
550
645
615
571
545
686
555
537
641
560
559
561
640
563
556
646
566
551
615
592
547
536
662
544
17081
639
554
549
633
571
541
571
619
558
534
615
559
539
557
629
551
534
621
548
538
549
622
550
532
633
555
548
555
631
547
537
637
560
541
532
650
540
538
629
545
553
546
692
560
586
688
600
588
707
612
546
591
614
548
531
637
559
534
550
650
572
570
679
589
534
601
594
556
550
650
568
549
612
588
545
538
654
541
550
622
601
546
547
646
540
534
629
552
531
529
648
548
565
653
562
540
537
654
543
18292
589
647
553
553
638
591
565
602
601
535
561
667
562
560
579
615
552
566
635
544
548
616
587
553
546
643
581
543
627
593
551
549
649
547
559
665
613
578
663
634
600
620
680
559
564
666
584
547
632
585
559
530
653
556
542
630
578
553
593
628
552
545
636
563
562
579
621
542
543
683
600
550
648
576
547
546
658
557
548
641
547
574
567
612
551
538
637
561
571
562
608
545
564
638
585
540
593
560
565
18937
599
556
534
614
569
547
574
593
527
539
622
574
556
537
606
548
536
616
560
536
538
627
541
532
619
565
544
536
635
537
528
609
552
544
531
639
548
558
600
573
544
551
626
556
554
582
592
542
527
628
586
538
599
577
537
540
620
550
543
591
560
552
572
614
556
539
562
598
531
534
621
558
533
543
651
539
548
616
557
536
541
629
540
544
623
552
560
544
634
543
533
624
549
547
543
633
531
552
594
18381
538
532
573
546
526
534
617
562
520
535
616
534
524
605
547
529
532
623
539
554
591
567
537
512
616
539
557
588
592
528
533
620
566
526
533
619
532
541
607
577
530
531
617
539
553
615
552
542
529
612
553
528
567
583
536
526
620
569
537
524
620
528
535
612
531
527
540
616
533
557
615
555
515
531
614
546
520
547
602
538
532
611
559
557
529
629
523
528
592
550
530
546
618
545
563
586
584
529
529
18897
579
577
607
570
542
541
613
532
540
625
567
539
536
669
556
545
630
556
541
553
634
545
548
621
550
557
558
629
544
535
624
565
558
545
620
542
550
618
591
538
550
615
550
544
592
559
545
540
589
541
570
578
548
533
542
598
563
549
576
559
559
539
611
573
550
574
564
557
552
598
550
553
547
601
549
562
614
574
548
548
618
543
568
587
570
546
535
617
584
540
586
558
542
544
597
554
537
574
565
18244
575
554
359
218
234
30
204
227
257
372
269
286
327
222
341
406
227
356
39
257
244
177
312
332
207
296
206
232
303
350
361
234
342
177
326
179
280
29
361
33
202
31
32
50
45
41
281
434
321
579
298
288
31
197
34
242
296
217
311
33
37
189
404
221
308
370
361
218
212
215
240
299
269
385
364
355
298
218
34
340
203
403
298
200
302
468
209
339
338
221
232
417
227
204
435
298
33
32
32
18783
608
540
540
641
543
535
569
597
550
556
592
544
530
547
590
550
536
622
543
548
542
611
530
533
583
561
532
528
622
555
552
573
559
541
530
600
539
530
529
597
555
518
583
571
526
543
608
539
728
661
550
549
523
611
522
545
606
548
520
542
594
538
518
547
585
538
533
602
545
528
531
578
542
528
583
555
540
537
605
546
533
534
634
547
532
594
541
544
520
626
549
534
585
554
540
534
600
545
529
19055
608
596
551
552
630
555
565
615
565
540
532
625
550
551
599
578
540
544
616
588
552
604
576
553
562
636
581
534
639
563
559
549
609
568
556
629
566
542
552
640
551
554
606
562
548
562
626
564
542
614
553
544
545
625
553
546
610
549
563
565
637
551
539
619
564
563
571
614
545
547
621
572
547
566
609
558
558
610
554
557
551
642
556
561
631
566
562
575
605
546
552
622
559
550
623
589
553
557
626
18538
554
551
668
564
539
592
577
548
542
618
554
556
581
592
582
559
626
558
541
622
551
557
557
652
552
541
618
577
535
555
643
534
532
594
564
563
546
616
556
572
605
579
545
549
602
553
552
607
575
545
562
681
563
543
645
551
553
536
681
548
536
635
569
569
572
623
541
552
634
577
536
567
610
543
555
658
570
545
625
595
545
554
649
540
551
607
574
560
565
652
547
548
721
696
575
630
583
553
546
18630
563
542
600
574
549
539
688
563
536
610
570
543
552
644
536
560
624
570
558
552
655
553
557
615
540
540
541
634
549
536
614
573
546
540
637
547
543
619
554
550
560
648
554
567
629
567
538
550
614
546
545
621
560
538
549
643
563
524
617
560
559
549
630
551
550
634
572
565
572
619
543
548
616
574
560
570
601
537
536
627
576
547
553
623
539
550
616
554
529
545
624
564
581
633
553
553
583
600
540
18655
712
576
566
609
590
559
562
646
570
571
649
576
587
578
616
558
553
625
576
552
610
606
580
560
629
556
563
612
565
574
565
644
558
589
646
583
577
591
616
571
593
718
610
601
660
579
575
629
592
562
571
642
547
544
615
601
585
564
652
558
555
645
575
576
613
618
563
565
653
573
567
654
563
565
559
651
568
560
645
586
575
618
603
548
559
650
556
549
641
571
564
555
645
581
563
644
605
578
611
