Execution time (ms)
60545
61657
60682
59117
61396
60692
61418
61875
66200
61860
60767
49097
61874
61100
59286
59858
61834
61709
62188
61220
104912
61334
62931
60483
58571
58989
62696
62053
62219
60311
61623
61338
73213
60128
21977
62150
58118
62641
62514
60435
63028
74699
61442
61512
62265
60664
62102
60583
61030
72764
61629
58810
60487
62740
62491
59924
61768
60458
61613
73409
62731
61478
49054
60732
58356
60976
60423
63491
61575
60716
60883
61470
62095
61850
62747
60924
61034
61653
66081
60127
61877
60546
60662
60371
60468
72959
63085
63129
61296
61382
61531
60790
74099
62866
60715
59837
62177
62962
61684
61958
