Execution time (ms)
18402
17615
17797
18674
17662
18155
17995
18429
18150
17632
17864
17724
17781
17281
17874
17840
17567
18048
17973
18099
17965
17916
18142
18518
17687
18033
17580
17924
17922
17844
16985
18639
18288
17792
18142
17951
18709
17722
17983
17979
17875
18253
17243
18024
17800
18347
17533
17907
17813
18150
18498
17541
17795
18061
18627
18088
18046
18327
17583
18341
19951
20315
19654
19219
18932
18217
18380
17892
17765
17868
18208
18269
17675
17604
17526
18349
17347
17333
15005
18196
17961
17834
17899
17956
17981
17992
18838
19405
19435
19712
18527
18243
18566
17817
17390
18115
17592
560
18146
17219
