Execution time (ms)
22037
599
546
603
555
555
550
627
548
551
637
563
536
558
600
528
544
624
556
609
20745
618
527
553
578
521
535
530
592
522
531
571
536
568
521
592
559
546
544
570
536
550
593
551
520
526
613
599
562
585
541
549
515
572
540
543
534
588
549
600
639
596
547
541
591
525
533
602
620
721
692
635
652
566
593
560
595
576
676
599
712
671
619
602
697
641
652
548
624
554
546
658
563
538
557
637
597
541
632
596
21960
588
529
601
553
569
580
569
639
620
526
653
562
531
615
593
534
531
612
543
567
710
613
635
648
620
618
580
694
582
646
684
594
661
659
703
574
663
646
588
661
720
700
580
656
659
623
679
646
647
585
699
693
712
756
647
653
682
746
577
687
622
576
723
616
688
651
681
613
638
787
623
534
610
615
534
557
617
533
530
540
603
557
530
585
569
525
542
598
553
548
597
590
542
541
640
548
525
558
626
21155
614
551
544
535
599
533
535
563
577
561
537
609
549
512
523
617
530
528
618
541
525
528
621
647
615
588
637
539
542
674
560
529
570
640
561
643
750
618
645
735
580
689
739
695
536
563
648
579
600
664
769
542
580
613
554
547
591
572
526
537
631
581
601
636
590
546
544
638
517
538
582
592
543
554
647
607
570
636
565
548
554
650
553
532
615
556
523
554
625
531
542
585
576
522
521
636
547
546
543
22212
597
515
537
625
544
520
516
627
521
536
591
535
532
727
614
537
531
630
632
581
618
634
655
544
632
548
571
655
546
531
525
621
529
537
620
584
565
529
649
543
543
598
553
523
535
640
546
536
541
587
519
547
618
539
533
553
614
521
517
587
559
522
531
598
595
688
727
698
536
613
667
558
646
667
642
582
667
648
552
710
672
547
559
579
612
559
541
643
555
547
624
572
562
528
690
521
549
613
552
22459
594
682
628
604
671
650
632
654
595
569
589
737
574
560
661
601
530
674
619
615
565
679
590
574
672
546
551
660
596
568
599
666
602
566
701
559
548
663
585
570
584
664
557
567
691
563
553
649
598
559
581
665
554
549
670
563
559
644
586
565
567
648
573
558
668
581
564
600
621
568
567
640
1035
587
602
544
554
666
559
566
589
642
539
579
695
555
550
650
588
570
580
640
569
545
672
556
559
627
609
21294
666
564
578
698
575
558
592
588
539
519
635
531
560
544
655
608
531
639
555
524
613
562
521
556
609
560
549
555
599
573
535
624
565
567
564
574
555
563
617
564
542
575
626
551
539
611
552
554
531
619
541
550
604
542
542
571
584
549
557
589
557
544
555
622
548
560
597
573
548
547
604
553
567
631
552
554
558
590
584
563
607
568
546
551
627
545
558
624
571
524
541
625
544
550
606
554
553
556
608
21105
587
627
627
551
629
581
545
560
620
548
563
627
586
584
651
575
548
566
618
563
559
574
570
567
563
680
598
580
659
571
560
560
606
572
552
601
593
580
567
617
532
594
609
555
550
606
633
553
598
620
545
562
608
564
555
563
604
585
553
631
571
593
562
595
563
565
606
550
551
560
612
550
566
610
570
555
545
612
571
557
608
587
556
548
601
581
554
634
584
552
577
581
581
557
653
610
603
664
614
22006
611
545
674
590
590
578
559
568
548
604
569
564
644
552
564
557
598
557
550
589
566
555
575
589
546
567
576
595
561
543
624
571
546
616
553
559
597
585
569
541
554
584
548
549
601
564
585
596
558
554
549
619
551
545
620
551
540
558
585
561
545
537
605
545
539
620
560
567
554
625
559
553
598
565
533
562
608
542
570
599
632
646
620
621
628
571
630
575
620
617
559
538
552
631
557
556
606
548
570
21424
630
546
605
611
561
603
567
542
548
598
550
557
583
575
558
555
614
558
547
624
555
533
551
608
577
545
564
601
549
543
609
578
550
579
576
573
598
602
581
556
595
554
528
597
606
585
538
562
589
535
545
644
551
563
582
541
575
539
607
552
552
582
581
557
560
583
550
541
572
602
556
539
625
545
557
566
634
551
532
594
535
535
561
620
538
543
621
597
554
543
658
568
538
605
543
558
535
596
554
22160
577
671
565
554
600
602
557
552
591
554
546
544
645
562
530
612
579
529
554
627
558
553
630
572
589
582
558
526
562
602
549
552
537
647
562
533
643
560
578
712
753
661
537
644
579
555
604
624
562
537
663
547
584
676
567
549
561
634
562
568
649
561
566
573
610
553
559
651
563
564
613
560
580
527
644
546
523
615
559
565
541
625
545
554
610
582
543
537
652
556
553
593
574
547
537
673
536
538
615
22297
584
547
574
608
566
537
613
584
592
678
625
608
652
704
632
605
680
553
564
694
603
574
615
569
561
576
717
610
644
623
560
567
623
577
548
550
662
564
555
733
610
562
597
602
565
569
619
583
574
636
571
601
627
616
578
541
640
569
567
630
573
573
580
628
571
566
638
566
532
551
639
578
553
616
583
551
599
606
554
576
613
565
563
614
594
561
534
612
577
567
986
536
561
610
609
554
570
631
621
21106
611
539
533
650
539
552
580
548
531
580
616
565
545
577
566
557
578
616
557
562
553
570
552
526
635
539
554
633
607
550
526
621
541
534
550
634
521
542
623
544
550
518
649
664
526
635
537
543
560
597
530
557
628
539
540
529
622
537
531
852
611
539
622
591
521
548
621
518
543
582
564
546
513
617
579
579
608
555
532
560
595
542
526
533
609
521
533
653
543
538
526
606
544
525
563
571
530
536
606
22270
559
542
593
552
565
548
620
568
528
601
558
545
573
636
582
547
619
569
533
570
632
581
551
619
609
591
565
584
550
528
599
551
526
572
600
580
558
632
567
537
524
630
542
539
608
548
568
545
647
553
526
620
561
547
553
625
535
553
618
584
563
543
652
538
549
586
541
589
536
596
590
525
650
587
533
548
603
559
555
580
572
537
545
637
569
559
591
574
562
536
604
559
529
608
571
525
598
619
560
22399
596
653
560
575
663
566
546
579
642
546
563
644
585
556
601
607
574
570
636
545
583
654
606
560
550
654
544
569
641
565
569
589
586
601
552
640
545
577
625
572
569
587
628
569
572
658
590
551
615
620
581
586
636
556
567
619
573
548
560
610
571
559
627
600
592
627
573
550
562
620
551
569
620
574
585
553
654
617
596
670
617
621
683
644
638
660
584
564
638
629
608
597
609
571
562
627
664
597
633
20880
560
544
624
554
574
646
556
565
545
643
563
562
591
581
591
548
622
546
555
591
584
542
559
613
545
572
586
565
556
538
640
551
544
629
569
560
553
587
543
544
609
580
572
544
609
548
547
588
556
535
550
626
558
562
661
631
589
616
642
615
541
617
543
577
609
568
581
544
606
568
600
646
609
547
584
658
570
552
588
562
547
543
663
577
593
622
558
584
590
576
539
541
620
568
538
650
553
570
562
565
559
540
532
591
527
521
605
568
570
593
592
553
518
584
551
543
541
614
546
19959
561
569
582
557
556
579
543
570
557
616
546
542
608
553
537
559
622
700
673
570
591
529
566
688
585
614
627
614
633
554
626
565
566
631
548
562
551
638
547
569
662
613
613
615
569
583
543
644
570
545
614
575
556
561
640
591
545
641
597
561
608
611
540
563
611
575
545
583
584
540
593
609
556
552
579
589
599
543
616
21064
551
561
538
520
520
601
522
529
610
635
645
603
614
511
514
607
538
506
529
614
525
523
583
536
513
520
611
534
534
607
556
529
554
646
599
536
592
689
533
542
615
545
546
557
558
504
520
607
540
533
582
649
512
574
583
588
538
501
646
515
565
553
594
541
519
615
550
525
509
602
544
531
552
593
544
524
605
583
522
536
617
512
576
616
538
527
538
606
538
545
548
570
515
525
599
551
541
546
622
22941
547
638
548
545
624
543
547
566
645
559
560
599
584
523
549
667
532
628
648
592
578
668
647
612
557
663
582
616
652
549
544
613
579
537
574
751
583
555
606
627
564
556
635
523
541
640
539
545
593
697
588
537
651
561
579
568
608
585
534
652
560
579
667
550
570
554
647
562
555
612
576
545
570
667
562
573
629
574
544
581
593
587
540
655
562
584
602
569
539
539
636
553
526
631
556
583
537
634
563
21778
566
532
615
552
583
677
597
598
617
648
545
578
647
606
545
582
611
544
556
619
570
571
591
565
541
555
635
567
548
598
558
545
534
623
564
550
622
592
540
553
612
544
578
583
592
535
528
604
552
573
559
558
556
549
579
565
539
542
606
549
569
622
536
558
540
616
558
527
597
568
534
542
612
608
546
582
571
578
566
625
551
560
597
545
551
569
610
559
551
655
601
545
561
603
553
555
600
585
549
21268
639
583
578
593
539
574
618
546
582
667
565
620
540
656
535
561
608
557
562
546
648
601
532
617
555
585
557
610
576
552
646
583
557
654
575
549
562
618
579
537
582
556
565
526
650
627
570
608
542
563
552
634
543
529
659
586
575
557
617
554
542
603
563
551
556
608
551
603
623
546
572
544
641
547
540
608
578
564
559
606
563
565
605
574
573
560
611
547
587
641
592
559
581
583
544
548
599
592
564
22322
603
552
576
550
601
557
532
593
567
542
583
616
548
586
588
558
547
545
597
559
535
588
565
570
546
592
574
558
592
571
545
559
597
566
587
604
603
560
528
588
559
554
562
572
546
564
590
613
542
554
586
532
561
584
572
547
556
601
551
561
603
548
555
551
623
553
549
585
576
552
546
627
549
569
603
576
572
543
614
543
540
606
561
572
546
599
563
538
571
552
555
536
612
546
551
597
585
549
536
21963
760
550
546
519
603
558
537
565
558
547
553
590
550
525
532
591
548
530
593
530
549
540
600
583
567
549
607
517
548
604
550
553
525
605
561
568
594
545
544
537
606
538
556
583
572
550
541
657
554
561
579
528
555
573
649
597
610
691
562
556
548
666
578
537
610
581
536
565
637
568
605
687
572
547
599
567
536
531
631
530
550
566
575
563
532
605
579
550
560
627
588
553
631
581
559
574
615
565
552
21455
570
582
533
529
20907
597
499
519
571
533
514
537
602
508
524
516
602
511
501
529
551
514
519
578
515
504
549
589
537
509
512
568
515
507
517
557
504
520
558
569
536
507
580
529
517
502
585
499
522
529
568
533
495
567
527
525
504
590
517
515
507
600
538
510
534
555
553
529
575
533
516
503
592
541
536
536
585
509
502
553
543
505
503
565
526
500
522
612
524
510
507
639
505
510
555
531
525
501
567
21108
583
641
363
293
542
344
563
33
30
299
347
361
333
32
372
334
353
341
32
31
323
31
400
31
368
385
333
327
429
43
356
304
31
38
362
29
342
31
289
33
390
33
357
32
31
28
48
347
31
29
353
292
33
362
376
34
38
573
348
28
469
336
341
399
341
43
31
29
45
32
33
42
36
455
31
32
349
295
31
356
32
32
32
40
32
32
388
52
326
374
28
34
411
298
30
32
451
53
307
21698
642
547
546
631
579
541
594
583
548
540
612
560
533
541
610
554
554
601
540
541
536
619
568
530
643
572
536
549
629
569
530
600
566
562
544
621
577
548
603
561
574
570
629
570
541
618
567
549
528
630
552
536
633
584
542
545
606
538
530
594
550
540
557
629
548
556
648
557
533
543
609
546
525
611
577
573
541
615
578
547
606
560
544
558
600
564
555
573
567
550
539
628
550
547
546
619
556
528
614
21727
608
21075
670
594
571
519
636
549
529
596
532
525
523
612
544
536
562
588
524
513
587
543
537
521
594
547
527
568
558
546
509
595
569
538
533
624
538
527
580
549
530
576
591
537
549
568
594
562
529
578
537
534
535
612
566
527
589
546
541
503
600
528
540
549
575
535
525
609
559
526
521
625
549
535
618
543
537
545
588
556
525
588
576
527
525
610
535
515
534
600
515
535
568
564
519
526
618
580
526
20803
569
553
553
608
555
535
552
595
563
530
608
555
548
545
657
533
562
617
557
524
536
613
542
533
625
581
541
531
604
533
540
602
547
537
540
616
560
573
565
587
540
530
624
558
555
540
598
528
533
607
588
533
556
614
535
569
598
554
530
536
604
553
564
588
540
542
528
615
541
537
559
551
543
568
588
597
527
545
607
554
524
598
545
536
554
580
546
549
594
548
545
534
573
546
552
550
580
544
545
21791
550
584
562
536
572
534
528
527
576
550
559
534
577
533
553
581
571
536
525
571
528
550
543
579
530
529
585
526
568
560
567
550
523
588
560
567
703
666
546
519
568
571
572
552
589
525
550
536
611
535
523
612
534
522
517
636
552
549
590
567
536
528
578
557
543
549
564
540
547
595
531
525
529
576
540
611
576
537
521
529
612
573
529
586
564
527
529
610
532
553
525
602
538
555
596
538
535
530
609
21844
586
508
523
573
515
518
514
595
551
509
561
555
512
530
596
545
529
517
590
541
539
568
551
522
522
566
522
512
542
602
523
535
549
619
519
527
582
518
522
524
573
555
542
560
524
533
539
582
522
505
502
605
528
529
513
595
541
517
580
543
521
531
585
529
525
600
593
517
513
574
543
599
511
642
532
519
566
571
519
498
634
532
515
504
645
551
506
546
577
525
501
604
532
529
511
609
550
539
568
21726
635
530
529
535
700
532
515
627
564
525
518
629
530
509
613
537
510
532
625
583
534
599
556
521
509
642
541
549
561
634
535
522
630
549
540
507
627
515
523
574
545
518
566
613
549
540
561
604
519
522
618
550
518
521
620
517
525
592
635
549
519
606
518
518
537
588
506
531
625
540
555
548
656
532
520
615
541
525
531
637
526
541
584
594
522
517
576
519
526
530
608
511
533
578
580
533
518
603
535
21651
576
550
550
627
549
547
614
22233
557
521
527
629
546
539
614
555
521
535
617
529
545
600
550
534
569
620
556
537
586
566
538
540
613
584
534
618
556
553
535
624
572
538
564
551
536
522
605
556
545
525
617
533
528
563
554
544
548
621
544
524
552
610
536
539
610
548
542
576
636
572
562
689
590
530
574
615
541
556
631
548
523
558
565
527
513
593
554
525
528
625
558
529
593
555
563
546
597
549
526
21544
551
527
610
544
552
597
548
541
544
594
530
522
588
545
557
530
601
564
533
542
566
533
522
617
531
541
528
618
532
547
589
560
525
553
587
532
530
521
603
541
531
601
563
531
538
613
546
543
543
574
517
536
586
561
548
534
629
526
522
587
543
544
515
602
543
533
546
622
563
536
588
542
526
528
639
524
533
605
531
574
538
599
531
535
545
573
543
537
592
551
549
534
655
548
513
594
550
563
539
21062
570
545
614
541
524
635
548
547
546
610
532
567
604
552
522
555
645
540
544
610
573
540
541
618
528
545
566
573
528
527
608
563
555
581
594
558
524
632
561
547
559
608
534
534
643
562
529
538
621
561
547
619
532
565
545
630
568
563
629
543
547
545
648
548
592
630
558
563
596
593
547
526
648
544
547
569
569
554
549
616
608
529
541
613
544
544
613
569
558
549
634
579
556
644
552
549
575
576
544
21680
565
537
630
561
538
588
586
549
529
613
562
554
581
583
551
545
620
575
552
617
573
535
568
619
542
561
590
566
552
555
650
569
533
603
593
529
558
613
543
559
600
591
562
565
635
538
536
618
549
529
562
621
561
552
589
676
744
635
620
564
544
536
651
541
532
618
565
553
568
664
556
530
619
559
556
540
646
537
544
637
579
539
549
627
549
532
641
556
541
534
685
553
546
689
560
534
590
587
535
21871
534
570
581
526
532
684
582
570
565
582
534
550
618
557
534
559
599
537
535
659
541
524
527
678
537
550
622
543
523
525
638
558
531
626
542
535
543
642
526
529
580
602
532
571
616
537
536
582
587
543
526
656
558
555
606
600
536
572
684
591
555
662
619
585
625
608
585
556
641
537
550
603
539
533
538
641
569
570
663
611
535
539
635
544
525
616
544
568
544
638
532
530
612
555
549
523
624
564
548
21018
561
530
561
563
515
529
595
534
543
530
624
519
540
588
541
517
526
586
529
517
533
598
517
525
574
547
536
543
606
526
537
562
595
583
519
597
544
519
551
593
554
534
594
569
537
546
604
540
519
516
604
571
583
644
584
593
585
632
548
586
647
542
522
572
576
537
524
610
542
523
547
650
549
538
618
554
528
534
624
535
515
583
567
564
541
642
542
534
571
587
538
539
609
534
563
549
616
580
543
21611
526
600
559
526
518
585
532
523
606
536
523
543
591
563
527
531
569
543
538
589
543
530
558
597
576
530
548
545
540
533
572
560
514
533
607
524
544
586
545
534
545
582
536
518
517
594
514
512
565
618
555
529
652
538
534
549
553
538
530
618
562
547
541
622
527
535
590
541
527
538
595
546
509
569
597
530
535
588
565
581
541
586
524
523
600
521
533
562
622
533
516
551
574
542
534
599
541
533
524
21927
675
570
532
565
566
520
525
616
559
525
526
606
533
562
580
538
518
537
600
543
525
545
606
521
525
615
592
524
535
654
528
540
599
544
536
527
605
566
564
577
561
525
523
604
558
527
540
631
522
554
632
548
537
557
614
511
536
586
545
516
1056
587
540
536
640
527
542
600
550
521
528
624
540
566
595
553
528
546
635
534
522
562
592
540
525
636
569
526
548
622
555
539
623
547
516
526
618
544
556
21891
582
618
548
553
624
607
547
544
622
576
548
644
561
531
563
572
552
531
642
591
609
659
584
542
531
617
539
528
556
598
532
542
660
610
577
621
573
549
533
639
550
550
582
589
539
550
622
553
534
551
600
532
535
634
563
552
597
577
540
541
612
568
525
541
621
538
532
623
554
535
541
647
547
534
589
583
531
557
620
536
566
632
562
594
549
626
565
530
597
566
543
554
617
547
529
600
561
543
539
21446
583
607
603
555
526
617
573
547
605
604
519
520
653
541
545
607
583
524
528
611
543
521
556
572
545
546
623
554
572
710
728
672
550
648
552
527
577
601
527
584
674
538
537
594
583
528
535
632
560
555
567
606
544
536
615
544
529
538
620
526
554
620
537
533
536
653
552
555
615
564
520
541
645
535
537
608
542
575
536
633
543
533
598
556
538
565
623
533
557
629
563
543
530
648
547
548
592
587
550
22516
662
598
559
601
583
550
545
625
564
538
615
576
537
558
687
588
546
621
567
534
535
683
553
537
622
560
581
544
666
557
556
640
564
537
563
603
550
539
671
582
530
595
587
543
557
637
579
534
626
599
579
543
692
568
534
648
558
533
535
648
551
561
636
592
570
625
601
549
552
653
581
554
636
555
575
546
666
539
557
632
585
541
561
604
539
543
646
568
549
555
605
568
558
656
560
538
564
663
586
531
673
519
521
566
613
517
529
603
545
530
535
660
534
529
628
543
515
535
641
533
522
613
547
574
564
647
522
533
606
563
552
533
618
580
532
576
644
545
530
656
543
518
597
570
531
540
647
544
561
571
596
531
539
628
547
532
539
647
549
517
662
555
525
555
601
529
520
621
539
528
535
637
546
563
595
562
541
534
627
531
535
584
573
528
525
650
570
529
577
603
526
530
656
551
532
559
600
550
540
21534
590
611
569
547
579
581
544
556
622
572
549
579
628
555
541
619
545
533
583
598
541
535
608
593
561
551
627
548
539
620
551
544
543
622
541
586
622
547
569
567
596
545
547
658
559
561
613
610
568
540
653
569
557
629
572
532
546
633
541
591
618
553
550
548
650
540
537
613
555
541
532
624
572
542
596
560
543
543
638
563
543
616
574
572
558
632
544
540
584
570
568
571
652
547
548
621
582
553
570
20801
572
570
655
546
557
550
590
540
536
605
568
561
561
634
589
574
682
575
610
687
618
611
583
581
542
547
611
553
545
574
595
559
566
659
599
540
608
563
569
529
609
547
543
568
543
529
553
597
529
534
543
668
563
543
618
531
521
524
642
559
534
601
559
536
531
624
536
544
577
580
521
525
617
560
536
565
644
550
538
618
555
530
525
625
531
528
603
546
550
532
626
535
561
578
564
525
515
632
564
21615
602
538
623
572
547
559
670
554
551
646
560
562
555
644
541
547
613
560
561
559
658
580
551
649
589
548
585
607
541
538
633
563
543
564
648
582
555
643
541
568
592
577
536
537
647
562
539
618
593
551
546
627
536
548
603
613
550
541
662
554
581
647
558
562
566
608
537
539
643
557
555
557
654
543
551
625
550
585
554
617
539
560
628
578
598
590
578
550
532
632
542
539
584
593
535
560
638
587
564
21488
569
609
591
538
536
660
540
545
597
574
560
566
636
541
532
610
541
542
555
636
554
538
619
586
556
538
638
557
526
569
582
544
580
750
780
553
554
631
567
570
525
647
546
542
629
551
531
538
685
560
550
641
554
534
556
653
553
575
653
561
583
602
622
557
534
667
535
541
625
561
539
538
680
551
536
633
556
542
559
647
545
551
636
555
604
564
576
536
571
604
567
553
605
589
533
542
621
567
529
21105
548
515
535
625
500
508
599
512
505
513
587
546
539
536
598
510
506
571
548
509
504
612
536
515
501
660
503
497
561
554
513
499
592
527
498
506
598
548
527
515
639
517
513
583
573
503
513
594
517
504
504
639
518
508
542
542
502
510
575
517
522
525
610
534
544
531
564
500
510
559
541
520
494
586
536
516
508
653
506
527
550
570
504
525
573
533
515
504
609
509
535
517
607
496
506
582
515
517
522
23250
530
554
649
528
574
630
566
534
525
654
547
540
647
570
537
554
638
544
553
648
571
563
586
590
575
594
621
557
527
577
584
539
524
635
554
541
552
631
524
521
628
540
523
534
628
528
528
607
561
552
548
665
533
552
615
538
553
535
635
537
528
596
619
521
531
640
538
542
588
579
538
528
647
558
541
558
626
539
541
648
547
524
548
577
530
527
624
582
528
529
612
529
541
597
563
530
518
595
545
21004
655
629
623
710
563
533
536
608
527
532
607
540
542
522
611
538
525
571
559
540
539
587
555
540
550
590
551
561
582
553
525
522
596
541
537
576
557
539
547
593
538
545
531
597
527
564
591
542
530
534
601
538
537
555
582
530
545
574
542
530
523
581
548
547
598
565
544
539
577
538
535
535
592
537
532
583
554
535
548
598
542
522
568
551
527
535
573
536
527
532
586
548
560
558
556
539
535
584
536
21634
580
539
561
570
540
525
604
539
532
556
580
557
563
612
545
526
547
587
576
537
540
593
522
529
584
573
547
545
623
536
559
589
550
535
538
582
554
554
570
564
584
536
606
543
547
533
598
538
557
614
598
552
530
595
538
554
581
548
538
548
613
597
565
591
547
528
549
585
536
549
562
566
541
540
619
567
538
534
631
564
543
610
545
534
531
583
554
571
622
541
528
541
591
588
535
593
544
557
552
21324
566
581
547
547
542
601
547
545
565
543
528
523
624
535
530
555
576
546
544
574
539
558
525
587
545
523
539
617
554
530
615
569
545
534
629
570
537
588
550
549
532
611
553
539
578
581
533
526
603
568
559
551
598
560
546
611
540
532
570
609
540
536
591
539
554
552
602
540
534
577
540
529
538
593
541
533
539
648
543
525
588
545
553
549
619
547
539
585
557
554
538
593
548
532
549
586
539
553
597
20710
532
539
573
516
521
597
557
556
525
609
541
517
560
588
560
727
719
533
555
586
587
535
519
605
526
531
522
623
516
519
564
613
539
545
599
548
527
548
601
527
515
586
553
557
556
636
530
512
574
547
529
512
609
558
523
527
662
555
521
583
526
537
526
605
569
533
596
549
556
540
596
554
518
537
581
536
519
582
541
535
536
620
576
513
565
549
544
529
633
550
532
531
657
654
561
648
539
523
701
26532
839
726
707
752
630
567
574
586
756
705
809
670
574
630
653
727
727
692
725
813
775
585
621
567
550
604
574
546
572
613
574
583
612
549
543
585
605
548
559
631
557
541
549
647
561
552
608
560
551
557
652
593
533
601
559
590
565
596
534
546
640
583
547
547
621
534
621
625
593
539
568
568
548
544
603
544
565
924
571
656
604
554
561
560
597
547
535
627
609
586
662
670
604
623
656
617
575
638
559
21599
534
549
547
624
542
526
602
533
533
530
594
530
515
595
533
509
514
615
539
523
555
610
521
520
573
575
528
517
695
534
510
561
575
517
509
613
552
523
540
670
506
530
597
565
521
531
602
556
570
566
552
525
540
595
522
518
523
618
512
525
585
566
544
541
597
524
560
611
621
547
552
650
554
570
560
617
529
515
626
547
514
544
605
510
521
595
564
548
525
596
534
547
557
597
529
537
624
536
521
20055
537
604
520
515
527
615
575
22688
769
642
501
606
520
502
498
609
530
533
578
574
513
525
596
550
511
529
618
570
520
576
603
520
514
587
524
524
510
614
512
506
556
571
526
561
618
534
519
520
628
517
501
578
510
526
513
605
545
522
523
634
550
526
582
526
504
500
631
555
547
513
588
515
504
568
533
510
504
609
532
514
514
599
526
513
543
570
502
537
610
527
522
494
579
523
531
536
632
550
519
21197
549
518
625
505
504
545
579
515
506
599
549
529
516
593
546
507
501
595
559
512
579
539
529
524
594
522
513
512
592
516
504
570
564
518
508
590
554
524
547
599
509
497
542
575
499
515
572
537
520
544
639
550
502
547
569
517
500
592
541
531
502
642
543
530
536
565
513
507
588
525
515
529
605
531
533
523
614
502
504
563
541
506
529
593
524
513
608
714
681
624
511
624
494
505
575
550
515
512
546
21360
537
634
521
516
578
555
522
518
632
534
520
519
626
538
524
598
546
538
513
617
538
532
626
551
530
524
589
530
518
515
600
522
515
566
562
520
532
605
528
519
541
607
525
511
595
544
526
511
599
573
529
527
626
536
518
586
530
519
528
617
584
570
650
579
561
574
691
530
541
601
582
567
511
603
540
518
577
622
560
573
649
542
540
609
600
545
522
611
565
521
604
556
518
520
615
547
558
542
616
21523
632
538
486
34
372
405
363
321
28
49
418
30
32
33
291
37
360
30
35
35
40
29
339
33
323
31
35
402
31
326
344
303
31
600
28
341
361
279
32
346
29
30
33
42
35
33
40
41
453
31
30
355
33
33
417
307
412
462
343
49
379
37
291
31
348
32
329
31
375
34
353
46
414
31
35
48
38
339
292
32
34
33
41
39
33
349
29
322
388
339
31
335
350
29
290
30
30
31
470
21905
590
529
536
613
556
537
559
598
540
540
641
560
546
545
639
523
529
609
566
538
528
641
537
530
610
557
545
522
628
532
535
549
609
524
552
635
545
523
555
597
531
525
611
561
532
534
662
527
534
598
566
533
523
613
545
529
581
596
526
521
636
559
520
597
588
530
525
615
525
524
527
627
537
530
556
598
533
532
619
543
521
582
605
524
529
630
543
516
518
660
534
542
616
538
529
527
621
538
517
21715
545
614
544
518
560
646
567
544
576
534
520
513
593
547
579
533
589
525
519
599
528
533
536
601
536
522
571
582
533
521
591
547
529
547
620
522
542
552
556
546
552
612
582
517
555
576
540
524
590
543
535
526
608
585
531
581
542
539
519
598
547
527
568
581
539
549
601
540
524
529
624
525
542
579
533
511
542
622
555
571
553
626
586
595
680
556
549
527
614
531
523
613
552
539
540
595
534
527
590
21814
634
555
562
571
548
541
529
601
550
526
531
593
549
565
605
565
527
536
585
551
528
585
550
541
539
574
570
568
546
583
543
539
596
538
536
523
576
541
534
561
600
545
537
580
554
556
545
592
527
546
581
541
554
571
599
555
536
567
543
524
533
579
543
524
541
612
573
529
583
558
534
559
589
570
525
569
558
565
556
610
535
547
553
575
536
532
574
532
535
570
604
550
532
555
577
529
539
574
530
21176
640
536
543
596
555
547
560
600
549
553
580
547
537
527
600
552
547
531
607
560
537
621
567
541
546
588
536
547
581
546
569
557
584
571
538
551
574
544
549
575
536
566
572
589
565
560
596
550
568
534
594
543
528
657
557
584
550
606
535
555
585
537
534
552
609
552
572
601
572
576
548
611
546
554
580
539
554
551
611
568
567
579
539
547
555
611
537
548
531
582
530
543
611
588
548
522
584
546
547
24719
660
674
590
556
574
543
580
544
541
563
596
557
565
617
575
547
573
573
543
533
588
575
538
550
602
555
589
620
560
548
545
615
537
546
609
603
534
541
641
552
548
608
563
539
545
583
551
531
574
552
568
550
584
545
550
573
568
546
546
586
570
549
543
615
553
542
610
539
529
540
601
545
539
583
555
602
551
599
545
535
591
550
549
544
612
539
552
567
586
551
542
589
551
548
534
602
546
537
584
21409
564
579
534
538
562
541
542
578
637
528
549
583
527
531
542
591
534
514
524
587
549
533
586
533
538
561
607
555
524
548
563
548
559
582
571
526
522
582
544
547
571
523
565
530
625
584
534
529
575
520
524
591
545
533
532
592
560
554
588
661
691
632
602
546
544
567
614
546
542
635
628
563
587
642
587
567
630
610
600
644
548
527
563
649
533
550
608
538
539
567
636
596
587
614
564
546
532
607
547
22040
556
574
562
526
526
589
548
530
558
608
556
531
585
545
531
538
627
554
541
585
546
531
523
597
558
535
538
603
528
587
602
548
532
518
596
548
522
552
592
530
526
592
538
547
527
601
545
530
573
552
520
524
596
565
534
538
616
526
543
587
572
559
565
664
613
561
667
593
522
571
588
543
541
595
560
525
539
610
557
539
617
561
551
527
630
571
544
615
550
544
533
622
545
528
596
540
545
564
632
21906
622
537
525
628
543
517
577
551
572
544
639
543
550
586
577
524
586
653
519
529
564
599
550
524
608
544
532
526
623
544
548
635
558
568
567
606
587
518
617
554
523
521
620
540
510
609
580
524
543
615
531
514
566
618
523
545
614
560
548
551
589
541
551
592
537
528
539
619
538
522
568
604
536
530
616
614
548
586
568
566
529
633
567
579
595
583
522
518
638
551
554
576
560
537
533
620
592
523
578
20108
580
517
540
629
523
519
522
607
526
519
556
556
534
512
579
534
508
514
583
11821
537
514
514
567
516
503
516
576
524
504
535
568
536
509
577
523
507
520
617
520
540
498
602
492
514
570
553
509
519
571
515
521
514
577
537
515
495
620
520
515
556
535
516
522
636
520
510
506
577
514
542
544
592
528
503
605
520
506
509
570
514
508
519
633
523
517
523
574
498
514
581
549
508
491
611
524
511
504
591
21628
592
523
536
609
536
522
534
637
536
527
587
576
534
539
630
554
548
584
563
569
554
624
556
570
589
560
530
557
625
555
539
577
551
543
532
604
543
536
531
624
528
521
598
554
554
542
604
550
544
592
552
531
544
602
553
546
605
572
530
569
593
547
546
517
593
534
541
626
541
534
530
622
564
536
586
595
519
570
611
586
546
565
554
536
529
621
543
520
531
598
590
560
605
547
522
543
617
536
542
21667
550
630
553
540
544
681
543
536
620
545
553
551
635
541
544
605
557
550
527
643
536
547
603
574
533
556
631
552
525
632
561
551
531
607
541
531
581
585
528
533
610
547
558
548
668
565
580
676
614
627
721
567
525
621
699
534
550
623
550
530
563
662
572
611
653
542
557
620
549
534
546
686
535
544
583
564
538
544
672
545
533
625
556
531
544
627
553
532
566
579
532
540
640
543
534
542
645
529
526
21828
580
623
558
557
637
549
537
538
628
22040
631
612
580
681
543
549
591
611
537
554
638
539
528
623
547
543
565
647
559
535
603
601
557
551
654
537
519
603
573
535
537
676
529
529
579
590
545
569
658
545
538
650
562
526
524
655
532
534
591
597
553
537
629
589
521
611
579
551
538
673
552
619
617
554
532
676
654
558
549
619
552
540
637
589
550
530
665
546
545
603
568
528
536
645
553
534
581
600
534
21820
547
532
644
537
547
601
602
531
541
659
533
533
600
592
550
535
690
556
537
626
550
546
526
634
538
594
594
587
545
540
678
551
545
618
556
530
531
648
540
532
610
570
530
545
649
538
532
577
625
552
533
669
529
597
602
578
539
543
695
529
535
636
549
546
534
646
526
533
609
577
536
550
633
534
553
639
570
574
543
665
526
546
622
589
541
530
641
535
529
588
601
592
660
666
578
605
690
539
544
21586
564
680
569
544
545
648
534
553
648
565
555
581
640
570
552
655
550
552
593
601
571
539
689
555
535
626
594
559
552
631
533
533
665
567
531
547
630
533
560
619
550
546
540
629
557
537
620
555
549
559
660
550
527
622
564
562
539
656
530
554
640
558
587
636
586
558
568
634
568
590
624
555
542
556
667
546
542
628
551
546
571
624
538
542
617
591
569
551
623
564
539
629
552
537
541
624
569
529
641
21096
544
597
570
568
585
568
549
521
618
537
538
558
580
543
546
600
543
553
541
655
541
571
613
543
542
566
634
549
538
622
553
526
521
633
539
547
592
541
540
553
600
570
537
584
557
540
536
597
549
532
573
619
565
529
615
536
527
554
614
535
553
611
557
559
545
623
535
537
606
574
525
527
636
544
549
600
587
539
546
596
534
536
608
563
538
531
629
562
553
569
578
528
527
596
557
532
541
616
557
555
631
573
579
528
624
536
530
595
549
548
542
656
555
567
621
557
549
543
612
532
524
592
576
559
541
627
581
546
602
579
551
574
622
555
559
605
568
569
574
643
549
539
604
562
546
545
630
592
533
631
588
562
554
613
551
553
619
559
538
554
651
572
588
643
559
580
603
566
540
571
604
676
547
635
596
546
593
608
552
545
616
585
539
586
592
611
551
633
563
534
620
562
550
557
671
544
539
610
603
21528
580
547
558
641
536
534
635
568
538
567
636
554
557
645
573
546
604
620
575
543
634
552
543
604
568
546
528
609
559
558
598
598
548
565
613
562
539
554
596
535
534
624
569
573
589
584
531
537
625
600
542
585
614
577
569
642
563
537
577
562
540
525
618
554
531
539
651
562
561
608
547
526
596
596
541
533
570
557
549
576
592
529
555
575
542
557
542
603
560
566
599
888
546
591
561
546
550
615
544
19189
654
534
522
549
646
521
573
669
599
549
550
673
544
570
632
549
543
549
640
556
557
730
544
541
585
607
528
533
625
563
522
594
568
549
530
630
543
544
533
616
531
582
615
567
535
527
638
550
572
662
573
539
552
594
540
547
626
541
522
527
616
554
542
601
567
534
522
622
546
513
620
591
552
523
616
542
544
558
583
535
522
618
544
522
545
651
534
524
581
569
530
531
633
539
525
551
593
530
516
23267
22210
580
577
634
554
555
647
567
542
637
620
547
558
667
556
565
642
560
546
538
680
581
555
642
568
548
616
588
564
568
655
548
567
687
589
558
586
627
570
552
641
575
557
620
624
564
555
717
567
556
654
569
551
603
621
577
577
644
557
550
644
599
560
569
637
562
551
670
583
540
609
646
568
545
689
572
566
640
568
577
606
606
556
578
673
560
766
758
565
575
659
586
555
618
585
551
557
673
567
21039
599
566
542
598
543
540
551
638
528
526
591
559
554
533
596
552
528
569
549
557
538
571
535
560
543
599
539
553
579
543
536
561
589
545
540
534
594
550
532
601
529
535
557
596
556
546
606
543
547
541
585
549
548
591
543
545
542
582
553
537
549
601
552
543
595
544
565
547
610
560
520
571
545
542
543
587
550
536
544
580
553
538
577
589
571
556
646
583
579
647
538
563
550
586
534
533
599
574
533
21579
570
21365
563
553
602
547
535
537
566
543
571
604
566
538
536
581
542
556
578
554
550
537
576
575
549
574
554
546
542
585
537
545
542
565
550
565
561
541
536
530
602
583
529
554
582
546
532
604
592
556
531
576
537
544
607
554
558
548
572
558
557
610
535
570
545
597
551
542
577
539
549
553
580
579
563
539
601
552
566
573
549
554
533
641
554
567
580
559
556
540
574
555
530
559
557
552
546
581
598
21649
627
545
572
543
534
526
590
571
544
559
547
544
591
588
552
550
527
588
558
540
584
545
528
569
628
550
536
591
555
550
547
570
543
538
567
538
558
546
609
555
558
536
589
535
528
601
538
528
546
601
560
552
567
550
531
536
576
551
540
527
580
550
567
601
556
545
524
592
547
556
588
575
531
542
625
575
549
557
593
560
591
614
541
548
538
647
557
538
593
577
540
533
594
559
543
588
545
545
551
21600
552
604
568
522
595
528
542
545
590
527
534
541
588
540
593
588
532
550
529
595
533
683
761
565
530
728
580
541
533
590
551
525
542
601
523
531
620
550
538
546
629
542
528
597
581
519
520
621
535
536
579
550
598
547
621
531
553
571
556
543
518
615
550
524
524
642
541
560
687
540
532
535
687
528
538
623
596
535
1024
539
518
559
653
538
527
636
542
557
574
614
541
519
625
546
543
584
593
548
538
21260
577
566
643
541
541
635
551
535
571
599
516
526
619
530
541
545
665
544
523
578
548
559
515
612
529
529
546
646
542
528
612
562
514
553
605
514
512
595
567
548
540
679
563
566
624
622
573
576
710
588
534
682
548
553
577
590
550
521
636
596
568
591
667
524
509
692
555
536
585
577
529
521
616
548
514
537
622
514
538
601
555
541
530
620
523
527
556
568
519
529
631
542
530
535
651
510
513
605
567
22047
630
544
662
550
533
625
576
540
562
653
568
577
668
577
580
616
563
541
546
667
550
555
626
577
539
536
675
538
545
621
595
610
617
667
636
598
728
569
554
679
548
542
629
594
548
537
650
546
539
602
610
574
539
649
542
539
898
555
536
659
560
541
539
688
561
558
639
563
548
565
617
550
536
629
569
583
585
581
542
541
628
557
565
574
604
562
540
626
578
551
591
568
550
555
615
564
539
600
603
21572
562
525
533
583
554
528
532
606
516
525
614
547
521
538
622
546
523
573
552
529
511
584
542
533
503
602
537
552
561
567
518
557
614
527
533
527
602
530
543
624
551
532
664
603
536
543
615
546
514
512
617
512
561
593
587
507
518
628
553
540
673
671
543
509
672
564
577
626
538
539
520
614
535
520
569
566
528
538
619
567
529
555
596
534
537
623
533
566
538
653
566
525
580
551
556
546
635
541
505
20242
625
534
513
524
606
525
550
565
541
512
522
621
540
524
524
610
525
532
588
579
513
506
622
540
524
525
579
554
502
587
555
551
519
611
517
510
510
607
523
557
590
527
518
517
655
519
514
553
571
509
519
599
533
527
501
603
542
574
558
559
514
533
602
525
507
514
626
513
506
556
596
502
512
598
558
516
508
614
533
504
559
563
536
533
584
537
521
514
612
524
516
542
595
507
502
590
618
514
513
20566
572
526
519
636
532
528
602
558
522
537
623
549
516
531
615
546
547
611
540
528
528
628
536
524
607
550
555
535
627
536
523
573
589
549
576
632
542
544
575
587
525
542
647
523
519
556
594
547
512
623
582
530
550
625
530
515
603
539
507
519
597
531
549
534
628
533
528
646
548
530
531
657
528
539
598
596
528
551
631
535
508
595
559
533
541
647
529
565
580
577
527
516
611
551
529
524
604
515
513
21057
596
537
626
563
516
516
626
525
537
591
557
517
529
650
544
565
569
567
523
541
590
551
543
527
617
527
546
615
571
528
528
635
516
517
565
646
560
565
680
590
575
683
611
612
613
595
521
557
710
537
521
595
588
521
574
665
563
557
592
590
531
540
633
546
528
576
582
551
513
636
578
533
568
582
516
532
620
542
523
541
613
525
585
660
727
594
530
547
612
528
521
628
547
520
523
640
540
542
594
21943
590
526
535
643
553
525
521
639
526
533
620
543
538
527
624
531
555
574
587
546
531
631
556
533
546
617
604
592
701
620
630
641
594
537
582
609
536
535
638
541
523
566
684
569
527
653
571
520
577
610
526
520
704
672
655
655
554
548
570
603
525
516
635
545
526
522
627
537
518
601
564
537
538
647
530
524
576
596
534
526
626
560
530
553
602
519
539
624
570
530
549
600
528
533
623
578
550
545
638
21327
661
513
547
554
612
538
515
617
554
537
515
611
514
571
677
575
533
572
698
522
508
591
567
552
525
655
524
519
574
564
522
517
642
543
526
602
579
526
512
603
537
517
526
624
520
537
594
579
519
568
635
539
515
560
576
528
559
621
577
535
519
628
525
509
590
614
551
517
631
542
509
589
595
527
522
641
531
531
563
589
538
525
607
551
537
533
611
529
519
580
592
500
523
622
557
527
547
612
517
21635
569
537
597
520
509
507
578
507
513
538
560
524
508
563
518
505
507
604
522
503
502
607
514
508
523
596
507
498
560
529
515
504
589
515
505
503
593
501
513
530
579
507
518
556
545
511
485
601
523
507
492
606
554
538
522
593
512
501
569
543
493
513
608
504
518
532
590
490
498
518
580
501
512
557
538
542
515
611
555
498
503
602
518
530
579
544
507
499
602
508
514
519
549
507
492
501
570
522
530
21078
563
535
552
610
554
545
625
588
556
580
582
556
544
607
560
541
535
620
538
584
628
571
536
616
581
541
533
649
570
562
573
626
564
547
606
548
540
565
598
536
544
602
542
590
553
602
555
531
621
569
594
567
582
543
540
646
571
533
549
601
570
550
628
565
551
568
599
559
582
623
557
538
578
561
550
534
621
557
555
541
641
546
556
608
556
559
551
626
553
536
599
565
567
556
646
540
547
621
553
21704
528
535
602
564
542
525
597
578
543
572
558
539
544
601
558
518
531
605
542
571
613
575
524
539
603
527
555
587
536
536
525
605
557
511
519
591
533
541
586
546
563
577
587
538
553
590
588
520
529
622
583
535
565
569
542
535
602
536
520
521
624
524
542
606
550
539
536
613
537
520
543
605
536
527
602
555
554
529
607
533
529
611
566
529
538
620
541
568
577
554
539
525
613
538
546
530
592
537
537
21824
564
653
551
536
599
544
544
565
615
564
555
608
556
557
565
661
587
603
650
600
604
682
620
541
542
604
560
560
615
537
553
559
640
597
575
658
611
561
586
566
541
547
584
554
541
544
597
546
563
621
592
556
592
598
581
579
594
555
563
549
605
532
554
621
544
562
540
629
532
538
590
537
557
538
603
542
542
577
579
553
543
596
552
557
574
564
551
536
580
559
546
552
612
570
579
600
555
535
545
21096
555
560
554
568
693
694
598
568
655
652
582
598
586
545
564
633
553
550
548
591
542
604
652
609
552
589
579
555
518
612
574
525
582
616
556
536
642
575
540
594
581
544
536
603
572
539
546
601
534
585
625
606
589
577
553
538
537
623
551
548
565
582
555
532
592
553
536
545
630
545
553
576
549
542
536
627
543
555
570
597
554
530
601
551
558
589
560
545
581
600
592
538
569
620
537
555
622
554
533
21168
546
530
631
561
543
524
597
536
542
594
571
520
518
595
580
570
583
567
552
529
593
539
518
524
592
550
533
562
598
528
548
588
539
528
516
600
523
543
573
555
537
600
600
563
547
566
548
524
571
592
542
552
527
637
552
534
586
540
551
518
616
523
515
561
545
534
585
602
549
522
527
636
548
539
617
534
526
516
627
556
526
570
532
523
548
631
560
535
537
609
545
552
617
550
538
518
622
556
525
20899
535
527
546
550
519
543
560
569
536
526
589
541
528
551
551
505
515
573
534
515
542
580
530
527
517
629
503
521
556
554
517
504
575
566
539
513
574
525
510
20573
579
515
550
578
530
535
530
612
528
531
534
581
525
526
589
567
524
541
562
528
523
501
632
537
516
605
554
521
522
561
514
522
504
564
522
545
532
545
537
545
571
509
520
516
566
514
526
609
540
528
536
560
545
514
528
585
535
498
499
21611
590
639
574
563
643
617
542
611
594
544
548
633
574
560
691
573
558
554
662
563
546
621
604
556
654
598
573
553
672
552
569
641
576
541
591
617
550
582
640
578
544
624
584
555
548
631
551
555
641
601
551
545
648
543
567
635
574
546
568
622
583
581
632
571
547
612
580
557
561
646
569
557
646
587
550
559
637
551
559
646
568
561
593
605
571
564
647
553
547
603
600
586
562
663
554
570
655
612
556
20846
582
558
528
628
535
527
680
605
550
536
600
528
530
618
546
541
539
622
532
559
614
561
530
530
633
564
534
570
580
524
526
647
566
536
561
578
524
523
613
538
532
519
628
564
562
603
545
543
533
602
558
536
594
578
528
526
655
565
537
565
585
551
535
621
545
541
544
647
561
534
623
534
549
576
663
515
553
632
561
551
539
655
537
528
630
562
544
546
633
528
522
616
533
557
560
642
578
579
674
21279
572
589
530
359
474
349
365
452
28
29
30
37
41
29
34
43
34
65
36
32
34
51
31
371
43
288
343
30
29
337
319
35
320
29
32
37
351
34
331
30
34
34
279
30
320
332
28
293
44
41
59
338
33
350
28
29
34
40
34
32
343
30
344
379
278
330
31
30
31
351
275
343
31
396
30
31
29
290
28
331
31
270
31
356
32
31
33
303
40
312
40
35
42
355
30
280
29
327
30
22490
627
539
557
626
569
544
546
620
536
550
620
563
533
558
610
591
776
655
555
551
607
574
535
569
657
562
532
656
557
554
578
690
570
564
703
588
570
658
620
559
605
609
540
557
647
542
551
636
644
594
575
678
547
535
645
570
537
574
654
548
544
647
548
557
584
627
547
548
644
552
542
561
606
541
547
631
560
542
593
591
566
557
641
564
589
607
572
526
532
664
575
539
631
558
554
558
682
550
547
