Execution time (ms)
366
394
377
356
403
404
382
425
429
400
382
422
397
427
396
366
403
380
401
391
406
349
372
374
354
340
390
336
430
343
348
369
374
342
353
395
349
356
369
410
381
423
392
389
343
393
372
350
349
397
378
375
392
397
417
362
362
408
362
400
365
402
342
407
405
373
361
365
348
406
419
393
346
412
392
366
393
402
424
370
399
395
363
394
353
370
404
356
408
395
394
367
389
406
340
419
358
371
338
350
10012
385
344
394
423
358
418
401
397
377
414
398
356
408
402
365
415
406
377
390
384
431
387
363
378
412
374
427
428
363
373
373
417
419
414
440
407
396
391
368
387
336
395
409
361
352
387
386
417
390
410
384
419
397
409
365
412
426
369
438
364
409
397
409
364
372
383
399
397
399
354
401
396
400
339
350
374
399
362
374
406
457
397
427
361
343
403
353
401
392
329
388
357
355
392
431
396
480
376
432
10100
423
400
400
349
342
354
371
409
404
385
361
395
432
345
378
404
436
402
385
446
462
394
455
394
344
410
374
419
402
374
373
405
369
382
401
378
429
360
372
394
366
392
361
366
346
399
359
413
379
450
378
428
360
410
376
385
383
401
388
442
393
361
348
409
366
342
390
352
393
420
373
325
409
390
344
359
350
349
428
384
420
333
415
397
363
416
382
379
353
374
406
419
391
419
371
379
436
403
383
8008
378
383
399
351
398
345
376
353
358
416
388
365
429
390
354
380
343
432
408
346
344
404
426
341
394
359
397
408
342
358
365
370
356
399
419
377
347
385
363
356
345
363
354
403
357
460
391
373
443
399
381
412
351
380
441
340
339
350
363
356
413
359
381
371
370
357
416
365
387
373
350
332
371
392
329
363
365
358
374
408
386
381
341
370
382
391
409
430
380
400
397
397
351
419
367
438
390
378
401
9964
352
331
375
354
347
379
343
401
388
403
349
416
418
427
389
370
408
390
397
346
404
412
377
357
335
381
408
383
474
360
401
435
390
373
382
393
355
403
439
405
321
351
403
360
342
439
397
414
376
429
399
394
361
393
416
386
397
414
423
373
463
382
352
353
384
375
346
438
415
384
382
370
392
389
378
406
425
373
380
386
406
412
398
406
393
388
393
366
358
407
366
374
388
412
340
389
368
402
363
370
424
395
349
451
349
460
469
395
345
389
385
409
382
359
360
402
346
421
383
385
348
396
371
399
361
382
335
392
356
344
416
399
350
396
389
373
369
428
466
476
369
360
384
386
338
428
378
407
392
393
348
368
417
369
332
386
325
409
365
401
342
371
354
355
384
409
410
399
380
382
421
398
365
366
345
383
373
434
367
395
326
392
351
346
432
350
367
379
337
383
337
360
367
414
404
395
339
395
330
10042
384
369
409
356
342
415
387
389
9924
389
409
379
375
432
409
415
420
429
381
352
340
357
334
445
373
351
362
431
364
370
378
395
337
373
332
390
353
422
357
359
342
382
367
380
361
366
351
370
384
388
383
403
403
399
342
349
341
424
341
396
408
393
358
412
341
350
410
374
352
351
363
430
384
354
349
397
393
411
354
407
346
450
345
417
344
416
377
435
353
352
326
387
406
407
404
385
391
378
386
382
333
383
339
334
337
379
317
385
341
377
384
388
383
413
354
344
332
353
373
358
349
380
365
368
371
374
335
381
343
388
348
361
374
395
340
335
344
324
356
404
388
398
349
376
443
360
380
336
385
396
363
385
350
326
352
347
351
349
367
347
364
339
373
336
352
343
348
330
433
336
319
324
332
372
338
390
374
404
344
356
330
379
340
330
365
351
343
387
342
388
351
344
331
385
339
385
389
382
360
10143
348
402
345
376
399
355
392
385
352
361
342
375
366
408
373
360
369
418
378
338
368
406
391
412
394
439
375
336
405
440
409
373
387
385
370
339
349
410
402
381
394
396
375
427
355
374
342
414
407
387
350
398
423
386
366
401
375
413
387
374
359
342
388
377
348
396
390
394
395
380
385
391
412
386
388
376
362
371
397
444
356
365
336
371
348
432
362
382
352
347
360
379
348
405
323
392
349
344
396
9857
430
405
412
411
350
407
437
396
433
348
356
341
365
407
415
379
377
427
442
410
375
397
429
367
362
434
352
425
370
400
400
348
381
364
400
385
413
429
423
391
386
460
366
377
398
342
370
369
350
392
436
405
381
375
362
341
384
436
416
419
370
405
447
402
406
361
384
426
384
343
400
438
354
363
426
349
397
364
384
365
374
417
346
343
368
386
356
429
355
353
432
406
420
397
380
411
402
401
357
9826
459
390
354
346
390
423
448
429
392
362
356
415
442
425
409
360
381
351
377
430
358
392
358
351
344
390
356
392
403
435
340
344
358
335
405
335
384
372
373
337
326
410
319
346
386
357
381
355
345
376
345
364
411
357
354
342
322
342
381
357
399
359
346
394
389
344
383
366
335
351
403
365
378
350
325
366
354
411
407
410
396
335
341
312
364
349
402
353
365
336
349
373
387
383
337
408
391
349
326
9578
349
346
355
353
350
351
392
422
391
406
426
487
428
438
368
377
351
385
426
342
348
382
404
375
356
385
344
339
329
337
365
397
335
366
357
348
354
391
356
392
348
348
375
367
370
395
377
373
403
390
394
366
348
399
378
354
379
372
361
407
338
413
377
389
374
395
354
394
390
374
399
399
403
398
376
355
390
417
390
375
415
399
352
463
374
361
363
391
354
389
417
403
363
361
366
386
373
379
405
9994
420
379
383
407
376
345
343
355
346
404
418
426
427
422
347
439
406
389
337
435
342
383
342
391
395
425
347
368
356
430
352
375
377
365
374
362
372
348
340
349
359
342
352
374
347
430
394
416
377
390
384
380
385
342
424
422
370
386
448
426
361
397
380
368
400
424
351
417
394
419
418
397
392
400
417
420
357
435
419
391
409
447
398
418
388
372
378
421
424
413
404
395
349
367
365
333
387
361
404
9430
365
359
352
375
387
357
406
409
355
352
385
372
349
369
348
366
334
350
341
363
333
347
412
360
396
419
378
387
351
416
368
408
357
351
410
407
371
348
359
419
348
367
346
342
386
355
433
391
394
384
393
393
353
354
351
372
367
335
362
376
381
355
421
353
434
371
353
366
438
336
364
398
373
351
376
378
346
407
337
335
352
344
360
382
373
336
339
356
353
332
388
356
354
352
401
376
422
406
402
9591
400
423
400
363
408
388
394
365
396
426
415
388
423
400
344
383
345
392
416
396
366
435
366
364
391
362
352
354
355
409
418
361
392
391
384
432
368
346
385
354
368
362
355
381
398
371
442
402
409
364
467
352
337
398
361
375
427
392
357
339
339
339
381
353
331
341
338
359
441
345
337
339
352
355
350
353
365
354
361
387
340
348
371
354
339
413
419
350
325
353
325
349
387
344
361
383
425
417
354
9907
367
363
367
373
385
397
366
334
372
330
341
394
354
340
369
358
346
356
379
340
391
365
373
365
341
376
344
332
343
346
378
323
337
357
335
333
332
373
326
379
359
341
363
374
350
400
333
396
369
377
387
418
371
400
376
393
368
447
334
396
355
430
365
372
340
374
331
412
443
375
369
401
389
374
383
423
381
366
336
352
343
408
355
389
381
380
367
381
382
371
337
420
345
381
350
407
345
408
387
10092
389
441
395
405
428
407
343
377
405
373
334
347
388
355
380
411
341
392
380
434
397
347
393
390
448
427
418
376
346
377
357
419
397
391
450
345
350
366
359
402
342
402
371
386
395
413
343
397
362
371
348
418
363
349
354
386
376
361
395
396
366
415
389
389
350
378
348
388
398
408
383
408
362
374
346
419
396
402
345
374
388
386
375
410
330
380
344
368
343
377
433
440
440
414
407
401
352
412
404
9670
365
405
368
433
385
378
363
447
367
346
401
339
327
441
408
351
342
355
404
375
406
393
347
386
337
402
337
388
412
382
415
386
375
411
402
392
379
363
329
409
402
374
412
405
380
421
430
362
352
408
393
380
395
386
389
417
377
414
373
368
372
439
409
402
362
414
391
373
349
406
394
379
372
359
343
399
352
379
328
360
320
397
360
382
363
333
411
403
340
440
389
368
404
358
337
383
331
445
341
360
369
371
332
344
377
435
362
392
392
430
396
395
380
403
344
426
408
372
357
398
354
376
352
378
404
361
413
344
350
363
407
359
320
337
328
379
346
351
382
338
353
381
396
378
331
369
352
406
338
395
404
423
406
335
383
371
346
378
364
417
403
370
372
393
372
403
357
370
320
346
336
331
337
363
341
393
340
415
317
338
325
422
348
403
340
339
336
337
372
359
391
365
390
394
370
339
336
355
347
9814
371
413
352
429
351
347
369
352
349
352
335
389
345
409
357
337
350
336
384
405
426
410
380
408
347
377
485
377
366
379
398
361
371
364
418
401
348
386
411
428
429
423
388
416
406
388
350
417
426
407
366
429
385
446
351
399
454
356
362
412
402
378
380
347
431
376
353
379
371
343
397
389
349
404
384
364
411
381
357
417
356
377
397
412
353
373
359
389
390
371
409
399
408
400
420
432
408
363
394
386
361
401
441
344
369
333
397
411
382
419
381
372
398
355
342
347
388
365
342
371
342
405
342
436
359
430
430
356
344
397
371
380
373
396
331
373
358
332
318
324
338
395
341
357
420
332
339
386
426
401
325
344
385
386
380
394
360
354
355
334
342
359
345
372
348
349
333
328
399
357
335
374
412
387
339
338
401
361
353
384
346
396
332
374
387
370
357
403
359
330
359
373
348
335
378
333
355
348
354
9987
392
337
354
370
348
327
353
386
383
341
331
391
341
377
427
328
337
346
338
379
353
347
364
348
395
330
386
391
357
336
363
349
354
357
341
367
319
395
342
384
411
391
404
403
342
389
363
434
357
400
344
364
326
422
410
431
375
414
430
409
381
342
342
356
411
354
389
392
369
419
415
398
397
342
393
342
316
337
352
345
355
413
450
399
361
330
393
379
428
372
430
384
336
362
394
342
403
390
350
9960
440
341
340
422
414
380
386
348
351
396
394
413
436
351
420
334
346
356
441
363
348
406
402
384
337
346
367
406
422
366
401
428
442
411
400
386
402
413
364
394
415
409
395
395
348
402
381
407
348
365
370
414
419
402
386
361
358
407
381
342
395
376
346
355
333
409
373
407
374
414
347
431
410
357
423
350
357
427
392
400
377
389
342
356
366
391
346
371
394
419
436
381
362
358
362
369
362
418
455
1454
382
394
399
390
347
415
381
440
382
411
381
387
358
413
413
364
378
425
430
408
408
348
346
380
425
401
402
373
367
1362
370
419
420
381
408
346
405
342
402
338
446
367
379
393
444
373
432
410
356
408
399
409
349
389
406
410
397
405
415
396
439
378
394
392
401
441
371
369
412
387
362
380
446
462
402
389
390
355
342
418
487
353
430
422
405
375
463
422
409
454
424
380
446
344
360
382
381
341
408
424
380
396
391
421
411
341
350
387
351
325
360
348
409
401
405
361
382
384
367
382
361
363
344
343
375
401
393
389
366
357
402
403
384
377
437
406
398
373
414
413
340
372
368
419
350
397
345
351
363
389
352
406
347
387
423
394
358
434
373
431
427
474
382
407
403
364
435
354
404
418
413
395
410
346
348
346
382
345
334
374
395
367
369
448
381
346
357
408
369
421
341
351
398
356
356
375
377
438
377
10055
350
378
408
364
426
369
368
356
404
400
339
415
361
414
366
347
421
436
359
434
376
387
371
381
366
406
423
421
355
433
433
363
367
415
370
348
379
396
383
351
357
387
418
366
406
378
446
390
363
340
415
450
390
417
422
374
428
345
418
416
401
390
398
361
387
368
431
367
385
353
410
362
345
413
434
397
383
332
393
416
394
382
360
407
418
368
410
335
380
417
386
442
356
384
384
379
429
341
377
10022
343
358
344
398
364
325
405
394
375
362
350
375
341
359
392
338
361
385
369
423
384
340
437
405
371
389
400
360
345
402
365
346
399
430
341
348
379
373
410
424
409
382
361
343
426
394
390
334
404
374
345
422
369
400
398
437
363
362
371
348
366
368
428
351
447
366
341
388
403
407
368
383
359
396
384
357
350
394
358
381
393
353
408
342
346
354
347
351
341
402
358
380
346
383
398
394
378
398
402
9507
386
333
355
432
362
340
376
342
368
365
429
347
398
423
358
337
354
413
414
395
380
404
446
420
411
372
382
430
408
382
385
402
380
376
350
374
365
436
378
394
378
387
415
412
345
359
346
356
421
393
351
395
351
412
402
366
457
439
350
343
365
348
366
412
365
395
350
393
398
383
378
404
379
367
346
370
378
438
400
446
348
381
435
364
364
397
358
324
351
405
358
403
388
398
406
387
332
409
405
389
414
443
362
388
338
373
337
450
385
391
360
368
353
417
419
440
413
384
347
359
339
339
347
342
391
367
336
382
372
341
333
398
342
396
388
400
404
389
373
369
362
385
350
394
355
349
343
363
369
361
362
368
378
366
353
414
386
362
412
359
405
406
360
357
328
418
348
393
410
401
366
427
335
408
362
364
356
368
456
406
356
350
338
410
355
377
393
403
408
369
355
421
441
412
359
435
349
434
355
10158
412
342
331
355
381
412
354
394
421
415
449
371
373
390
415
359
397
359
434
367
381
418
401
411
384
394
423
398
420
414
357
355
392
390
417
396
441
373
374
390
423
342
410
374
411
422
358
340
326
348
395
357
373
392
354
342
347
374
392
383
365
373
440
380
365
411
392
405
402
413
407
343
469
398
402
337
339
340
336
381
361
370
365
349
341
358
346
397
339
363
347
389
353
422
411
404
341
368
352
10114
324
343
322
360
392
400
343
388
419
441
422
411
359
346
351
397
365
426
379
369
375
407
411
414
390
389
414
358
389
337
390
415
422
366
426
404
427
410
386
354
373
438
415
383
431
430
374
409
363
439
350
339
383
360
403
397
367
421
421
395
367
370
435
400
434
391
395
388
417
371
368
403
348
355
367
403
396
408
382
358
396
379
386
421
444
388
395
368
403
346
337
377
363
451
374
343
357
432
350
338
332
376
341
390
334
377
330
389
349
397
365
338
308
411
308
390
323
371
350
366
378
381
379
437
350
345
350
354
348
370
384
346
342
359
352
403
341
413
368
449
351
371
391
328
318
333
347
329
388
412
348
356
331
353
385
372
401
362
352
339
384
331
366
390
345
374
394
340
389
347
326
421
360
378
390
412
366
346
433
402
347
337
384
375
375
386
399
391
364
363
366
374
329
378
383
359
338
363
394
9924
382
348
342
355
398
367
415
354
387
403
380
409
371
351
346
366
398
340
386
421
370
372
373
384
404
349
365
398
333
370
353
329
341
383
345
327
405
379
396
372
426
416
372
391
393
376
416
400
363
367
411
448
344
366
354
351
340
379
394
445
354
348
328
380
355
407
363
397
385
376
363
458
352
364
342
393
367
356
413
406
380
389
392
383
563
421
367
403
384
370
384
376
403
392
402
405
381
373
418
353
386
361
402
401
379
363
361
353
322
362
354
397
415
380
405
391
353
363
367
372
378
435
377
411
402
366
344
350
323
358
370
360
356
380
323
393
394
412
339
380
336
414
377
425
372
420
360
331
348
372
369
364
366
392
393
401
433
399
337
324
356
357
364
409
328
333
330
369
327
374
379
376
364
332
343
372
347
342
326
345
313
397
326
374
316
342
311
356
368
394
334
381
329
387
350
374
331
386
408
442
348
351
394
344
346
380
350
418
341
379
390
380
385
403
349
346
349
377
346
399
398
403
396
443
372
397
359
339
359
361
407
408
378
401
396
414
429
397
362
364
415
383
343
394
346
364
339
346
345
377
341
334
368
340
394
372
342
342
391
404
334
391
350
344
351
338
342
390
350
377
332
343
343
337
350
389
384
356
391
10488
376
381
384
412
391
372
338
358
394
421
419
380
339
393
336
431
330
387
382
10144
391
387
409
417
353
348
341
423
358
377
353
390
351
360
426
359
363
417
422
444
421
415
351
388
383
385
405
385
392
383
344
348
336
339
313
420
408
346
381
433
393
419
406
453
361
430
350
380
322
389
398
422
406
371
351
380
356
384
387
369
321
349
351
346
341
338
387
405
339
395
363
410
352
413
332
371
403
340
348
352
384
339
341
377
350
377
374
355
408
385
353
360
389
338
389
435
405
437
397
335
394
338
326
343
312
388
341
342
358
344
385
342
333
363
337
326
338
336
361
351
350
417
328
407
371
413
343
402
419
455
336
383
325
399
352
415
354
425
346
338
368
326
393
346
386
360
333
348
344
373
387
395
355
388
337
346
337
340
352
340
353
357
348
342
362
375
405
436
390
390
388
379
394
404
371
350
356
364
402
364
424
410
373
380
344
380
383
333
385
395
423
391
391
364
373
409
409
353
374
10052
390
378
423
394
400
389
389
356
402
339
404
380
362
338
392
366
385
387
381
358
364
321
335
340
424
358
440
390
358
396
397
349
434
395
417
402
409
398
397
345
335
337
345
374
417
323
341
362
352
342
395
386
384
342
443
361
403
347
365
326
350
334
396
385
374
343
366
402
345
334
341
344
346
398
429
404
389
337
343
400
364
338
386
372
391
388
401
373
422
387
409
390
368
360
396
405
338
340
404
390
356
369
451
350
415
383
373
384
342
401
397
414
396
393
370
400
413
339
367
386
376
356
399
373
409
362
362
377
362
362
369
389
363
322
357
374
400
408
375
335
380
360
367
341
375
377
369
425
411
388
343
410
385
419
366
395
417
394
363
369
370
415
379
402
397
381
376
343
424
341
345
392
397
354
403
370
383
378
430
407
378
381
353
375
346
432
363
386
364
403
358
393
366
366
362
384
393
426
345
9661
373
411
374
342
360
329
330
324
389
375
377
342
372
394
362
370
361
366
336
404
325
350
349
340
339
376
400
369
367
391
398
392
380
364
361
366
380
388
377
380
380
407
333
334
347
342
336
373
340
355
363
372
380
334
378
396
347
391
356
354
382
380
414
352
333
394
381
364
360
386
338
431
381
395
390
338
341
394
391
377
393
380
353
375
329
375
367
374
381
348
363
330
389
360
337
384
352
409
382
421
393
399
351
363
365
432
398
429
406
422
389
410
373
376
398
351
415
398
453
392
397
389
383
408
357
439
336
403
386
411
397
373
392
413
351
379
376
392
385
350
350
397
376
437
364
418
360
420
393
326
365
348
418
353
359
334
435
403
385
421
361
405
388
404
409
391
373
390
411
419
362
425
348
365
391
386
373
445
414
392
422
365
377
345
348
342
406
402
400
418
384
358
381
406
357
334
333
363
363
347
403
358
326
431
340
355
398
435
430
365
399
384
386
395
378
394
436
390
353
412
421
392
427
406
420
350
344
334
381
427
401
346
403
399
399
406
410
339
380
391
364
383
385
410
391
391
421
349
351
392
416
418
367
390
363
396
413
364
396
416
414
397
445
396
400
382
440
387
402
361
404
341
358
377
422
350
404
381
347
367
392
368
383
381
387
439
397
384
408
399
392
378
401
372
350
415
411
335
361
10063
411
378
373
10129
409
392
357
351
353
425
350
457
438
363
363
350
431
439
408
395
429
433
394
417
406
449
432
368
422
362
395
450
398
398
387
391
398
386
346
398
369
403
393
366
373
362
392
343
365
428
360
344
396
403
439
335
410
352
508
354
378
412
386
358
445
372
400
601
371
387
382
362
362
397
419
400
389
383
392
512
361
435
425
396
389
405
358
381
399
383
384
418
430
383
421
398
351
364
355
414
419
361
442
396
356
395
428
393
10055
364
378
367
400
387
372
379
354
408
438
411
444
409
402
424
355
406
415
412
423
391
371
425
412
418
387
395
369
357
403
350
419
397
412
364
426
410
371
387
398
409
395
340
419
398
374
363
453
393
403
417
394
383
364
386
424
366
341
415
389
360
420
357
433
411
340
337
360
428
389
443
469
405
406
394
386
365
440
356
404
355
424
354
401
328
411
387
365
402
400
9550
387
378
375
398
361
325
428
336
373
392
341
387
387
365
418
410
351
367
352
391
343
352
351
370
379
373
433
372
351
344
340
352
353
331
383
409
389
322
414
342
373
345
414
363
386
438
430
372
458
378
464
385
404
369
382
426
409
348
369
345
351
361
404
328
409
349
362
366
376
410
364
344
366
357
364
347
374
341
390
361
364
372
401
379
353
374
330
419
351
332
351
371
455
407
388
387
328
405
394
9858
345
398
412
450
433
415
384
393
380
338
359
384
423
378
413
342
430
338
362
437
366
394
427
422
373
384
418
387
417
373
410
387
385
369
377
378
386
370
392
359
401
407
445
425
387
393
386
373
406
380
398
429
376
350
363
423
391
378
395
395
438
349
397
359
416
375
425
362
426
415
370
371
342
390
422
371
411
363
391
394
412
399
391
346
380
344
352
379
374
346
392
339
426
377
406
434
446
378
423
10101
350
449
390
363
378
406
429
396
418
398
384
398
426
402
365
382
382
376
385
346
389
349
418
379
398
388
383
344
381
393
420
355
364
368
428
374
359
356
374
344
422
376
338
426
358
352
415
344
346
428
379
420
377
330
378
435
380
365
392
363
387
411
364
400
443
351
362
350
388
403
447
339
337
353
349
332
331
401
382
347
431
342
333
345
359
354
357
353
410
396
385
326
380
327
363
399
395
342
418
336
443
335
341
399
389
392
435
414
362
372
408
389
376
355
352
379
347
351
364
436
374
356
357
325
430
379
347
345
395
356
398
344
410
375
390
397
406
344
417
415
407
429
394
371
417
370
389
402
386
343
365
421
408
347
403
410
339
375
358
374
407
379
363
343
374
339
416
382
399
358
368
392
390
373
350
346
349
393
390
399
369
355
386
367
371
399
386
374
396
340
402
355
423
403
387
382
362
401
341
9699
414
336
334
370
354
352
387
338
391
375
489
374
372
386
341
401
390
384
405
428
435
315
359
380
361
387
357
349
347
410
351
409
329
349
419
357
359
365
401
377
396
365
328
413
385
348
377
351
367
443
408
412
420
404
394
381
366
366
371
370
323
326
429
343
414
370
339
420
350
339
366
391
393
378
361
412
374
346
392
406
369
458
418
357
390
360
391
336
331
364
400
339
390
387
331
316
403
318
389
394
421
369
350
406
394
393
394
365
391
437
376
368
399
380
341
370
409
383
373
338
383
325
435
361
389
375
365
407
356
358
370
407
387
420
400
379
426
404
362
381
439
393
342
390
410
382
393
390
383
357
425
399
398
425
380
408
404
358
399
351
397
426
392
405
381
336
388
384
359
419
395
385
337
350
422
399
362
395
388
410
398
408
366
382
411
349
386
407
410
386
385
357
368
350
386
390
396
367
400
10523
365
412
376
336
397
371
398
386
398
346
425
393
357
406
412
412
457
411
403
386
403
337
433
382
384
368
346
362
346
420
435
329
426
389
398
321
403
371
397
346
347
363
382
379
385
402
351
346
347
354
396
328
416
427
357
360
343
349
379
375
376
399
390
359
397
338
405
345
363
370
353
332
405
357
441
389
423
403
380
389
416
346
404
421
372
402
410
438
406
389
375
381
357
351
346
403
366
372
376
9427
387
358
394
392
344
356
416
381
352
374
413
375
350
364
454
383
436
374
422
349
398
341
402
400
380
380
397
395
421
342
432
381
373
398
346
408
394
407
350
440
359
413
391
367
342
371
345
392
407
373
351
348
384
352
374
374
410
388
339
400
330
335
355
372
425
372
401
398
363
382
423
367
348
410
399
373
369
371
337
401
344
437
379
409
342
390
439
417
349
404
338
365
346
388
340
415
362
381
397
9952
427
402
375
347
379
389
380
385
382
386
394
390
411
345
389
395
409
377
378
367
362
378
352
430
356
398
350
408
344
407
383
399
403
394
370
356
356
415
429
349
345
378
358
350
356
396
345
358
384
418
370
384
360
395
340
356
367
369
380
396
397
404
399
422
342
424
351
418
337
406
338
383
414
427
407
394
376
355
404
348
387
399
377
376
354
403
376
376
385
427
355
390
356
407
381
413
370
372
400
10468
368
421
349
370
374
432
347
383
387
354
352
383
363
358
379
419
351
428
345
358
387
402
353
357
403
377
365
392
377
397
346
358
366
371
365
349
378
394
415
363
342
386
345
338
371
381
388
382
340
339
412
377
352
384
358
379
343
409
390
416
380
423
429
376
386
424
404
417
366
421
393
402
443
385
362
396
438
394
349
414
385
359
443
406
384
360
366
380
406
373
393
388
457
349
346
338
325
350
362
346
344
389
354
380
346
395
415
339
478
361
406
382
347
369
339
404
354
348
410
387
359
391
387
390
430
408
420
397
360
429
427
397
403
334
365
349
361
394
367
415
361
343
345
418
397
363
359
344
378
368
421
365
346
374
425
342
399
354
451
401
447
410
416
380
363
390
354
404
384
384
375
388
345
396
356
369
365
395
359
375
350
361
377
377
373
357
426
418
401
396
355
410
341
351
325
377
329
375
387
9921
346
411
425
332
415
382
354
326
419
351
388
329
359
378
345
357
390
413
390
366
363
391
390
368
392
405
402
372
412
364
383
356
361
393
377
383
353
336
343
379
337
432
339
362
374
388
334
392
357
362
351
399
391
363
373
409
342
355
363
403
379
373
371
390
445
411
390
377
396
342
369
398
389
337
383
424
351
351
319
366
357
361
376
341
314
390
375
384
353
409
386
429
415
394
385
394
367
337
399
9032
389
377
414
418
408
399
331
330
381
352
405
389
348
399
401
413
416
371
378
418
343
445
340
405
392
372
356
361
364
348
340
348
351
336
342
358
404
371
345
329
363
402
416
354
377
404
391
340
341
355
414
376
445
385
439
412
414
385
374
356
353
410
352
414
376
357
340
347
410
383
424
360
362
394
397
433
381
399
358
372
330
412
362
380
398
360
444
364
332
401
384
395
350
379
391
428
341
398
372
400
344
415
388
428
378
394
400
414
406
372
402
463
345
395
331
366
424
417
418
446
374
348
370
416
422
430
353
402
444
423
379
354
397
353
352
409
350
355
356
346
593
577
415
408
390
382
384
416
386
419
335
360
328
420
395
388
375
467
378
419
352
403
405
372
382
405
329
404
355
368
369
397
424
459
430
401
425
387
427
422
390
429
357
438
415
401
373
407
415
422
390
341
394
378
354
380
363
418
340
9788
466
365
360
362
414
414
407
384
421
373
448
349
437
399
411
351
333
340
374
378
347
400
370
350
434
378
401
349
366
335
377
404
340
368
348
360
401
403
382
404
392
390
386
338
393
374
442
373
380
398
383
328
334
378
352
335
338
373
337
370
350
367
387
325
395
332
379
324
354
319
433
398
390
400
395
419
421
422
406
377
367
365
359
330
358
348
347
331
337
361
341
418
330
377
352
364
348
347
349
10117
365
397
413
380
373
355
407
395
375
371
345
383
348
372
394
381
351
380
387
427
387
390
346
353
370
401
377
372
394
397
366
374
387
411
397
387
351
346
354
405
425
415
379
409
366
415
403
349
373
416
373
404
367
408
379
389
354
401
391
395
353
404
402
354
395
389
368
409
419
377
366
370
357
376
400
339
344
339
369
373
360
352
365
372
360
455
388
377
385
397
349
343
402
377
386
340
372
398
368
9879
386
368
386
381
398
349
408
407
384
376
351
368
366
419
360
394
408
340
360
347
337
404
359
419
334
411
340
330
342
346
365
353
403
382
358
428
468
375
423
401
365
347
388
414
349
392
410
427
435
370
346
372
376
383
337
348
390
400
403
375
419
392
355
347
409
389
385
445
412
356
402
363
397
408
392
389
421
350
436
389
417
349
433
345
364
423
418
399
398
393
365
410
390
374
345
424
405
418
394
9672
382
384
380
407
403
444
437
371
383
419
398
395
356
398
381
372
381
368
384
359
324
399
405
405
412
403
390
411
451
404
374
426
365
382
390
363
358
390
350
412
398
418
395
400
350
362
351
360
429
389
390
412
374
376
409
366
418
393
354
383
345
373
350
382
369
374
402
395
342
413
389
355
402
352
352
368
360
370
417
415
405
346
334
343
352
388
358
413
356
458
355
446
417
398
384
405
362
390
434
10823
426
416
397
392
419
333
421
364
378
352
392
416
392
348
389
398
391
378
342
351
422
375
403
396
411
337
399
376
410
408
372
398
408
365
419
384
373
417
442
388
408
407
396
398
406
438
372
420
473
411
391
378
346
348
339
389
362
355
352
345
362
427
381
364
420
418
370
364
386
380
386
414
410
393
417
381
409
434
391
405
440
405
397
417
446
346
400
413
374
415
379
397
365
417
360
398
400
372
374
9837
387
417
400
364
369
411
388
370
375
352
360
354
389
383
377
430
407
343
388
377
369
324
370
360
372
346
412
391
363
351
346
354
351
416
355
363
401
370
363
336
335
408
383
424
354
373
406
385
390
437
340
386
363
388
402
371
369
388
382
338
379
393
413
371
342
341
383
344
350
334
357
346
377
371
468
401
390
328
354
365
412
341
424
390
342
354
339
341
410
383
365
357
416
456
330
357
360
338
344
428
346
399
413
444
353
378
350
350
349
424
403
393
375
369
448
402
443
408
436
427
372
391
416
419
397
375
352
395
333
344
345
425
379
365
396
395
396
405
423
417
359
350
343
399
365
403
350
382
393
355
375
422
377
403
415
424
390
430
391
417
390
391
333
354
345
383
389
402
330
398
407
399
355
366
422
399
371
407
363
437
343
403
374
379
362
362
415
439
343
405
350
367
356
346
398
406
333
349
435
9964
349
349
393
357
351
339
321
328
391
366
349
348
401
398
327
374
339
394
392
405
372
359
389
343
392
360
346
351
378
386
356
351
338
357
338
346
363
375
324
387
372
383
339
419
337
423
363
368
342
352
418
396
371
368
419
442
402
426
352
443
379
416
410
423
394
428
392
432
385
350
348
452
356
388
388
427
465
394
362
395
358
379
379
414
354
396
384
411
377
379
373
404
354
437
359
424
434
447
369
10093
394
449
382
454
432
405
358
404
365
396
407
404
362
390
388
413
437
395
360
406
384
360
356
374
354
419
395
405
393
424
388
382
425
431
419
396
422
357
354
371
411
440
359
340
404
383
361
386
385
371
363
430
365
341
388
360
350
335
353
396
371
363
372
351
422
368
366
394
370
426
410
404
362
362
415
415
378
415
433
429
365
358
357
362
353
413
384
350
374
375
400
393
354
390
388
439
438
403
388
9736
359
370
422
381
416
366
422
398
398
427
364
346
360
414
371
388
346
442
408
385
378
356
360
387
323
345
371
382
363
353
381
375
356
418
396
367
376
407
349
360
413
435
445
405
400
386
334
382
406
383
406
364
342
399
407
389
357
394
353
389
386
391
364
426
361
440
393
393
370
422
413
382
356
380
385
392
392
417
404
359
395
390
376
389
436
359
382
403
359
402
400
357
369
388
391
416
393
403
398
9982
365
399
396
414
391
378
348
360
435
427
392
404
412
371
369
409
432
404
340
391
359
395
344
394
379
398
405
408
356
395
361
392
468
399
354
412
351
349
348
349
425
361
379
406
438
417
373
402
359
377
356
360
335
401
389
373
386
383
358
394
422
369
341
392
356
385
344
399
361
394
422
438
325
361
379
373
328
443
366
358
418
392
389
404
363
328
372
357
374
350
341
345
402
359
346
336
382
402
394
9781
372
338
400
407
379
435
436
324
433
338
372
359
397
339
398
371
398
376
407
334
382
394
380
415
427
366
419
369
419
364
358
331
415
388
330
397
337
365
377
365
404
369
370
398
345
340
346
345
345
373
340
372
336
380
379
335
344
343
331
323
354
369
375
364
339
334
366
364
339
346
365
345
354
431
376
350
381
337
343
386
358
329
340
325
409
354
396
344
368
357
335
384
357
340
412
341
380
396
321
6879
357
351
369
369
369
446
345
351
375
394
348
361
363
320
381
530
328
346
333
383
336
390
398
353
419
326
362
358
359
347
352
352
376
409
379
413
342
353
387
402
375
344
438
354
396
371
384
380
362
405
381
460
419
395
334
356
334
328
396
391
381
333
339
365
394
392
348
399
372
363
355
368
336
339
333
388
334
368
387
339
407
345
354
317
362
346
386
385
378
328
365
391
415
351
358
381
365
316
401
434
385
358
433
379
330
348
439
407
407
397
395
399
381
359
444
439
405
434
422
402
403
396
441
431
398
359
375
385
373
370
387
403
381
347
358
360
351
357
388
343
389
385
423
352
415
366
387
377
343
420
348
351
379
382
345
352
381
348
379
352
339
337
385
349
383
367
371
363
401
384
373
356
364
326
345
340
410
362
367
405
353
352
380
391
379
344
360
321
362
389
350
347
358
373
388
335
361
342
338
10388
353
371
436
401
353
407
359
414
350
405
398
353
387
398
363
423
365
354
344
372
397
377
417
349
333
379
363
400
386
362
348
398
342
343
369
344
373
355
380
410
395
369
383
384
366
386
352
423
368
388
394
435
412
350
382
419
436
340
406
379
339
436
397
379
363
440
377
381
405
384
410
397
383
372
399
347
404
353
379
427
390
368
389
354
358
368
362
411
381
410
404
348
400
351
391
406
388
388
420
393
439
360
353
393
409
451
401
358
367
348
407
407
383
408
414
426
401
396
418
425
459
441
381
432
352
364
431
423
381
375
347
351
348
409
396
378
368
432
359
345
360
350
361
356
346
348
384
379
328
394
418
381
406
350
353
416
397
406
419
379
382
401
366
344
319
340
365
340
389
337
334
335
344
360
356
387
356
367
372
346
366
333
342
410
408
403
398
353
402
337
353
350
404
406
411
331
333
336
346
355
335
328
330
339
435
359
347
419
337
318
344
404
413
422
341
380
379
364
427
408
368
364
397
360
397
411
367
387
369
366
379
346
380
375
353
360
354
395
354
412
373
360
361
389
398
357
385
321
343
346
389
357
352
426
372
382
423
438
368
347
368
382
374
341
348
331
370
362
391
408
370
408
370
367
424
360
323
323
338
324
383
399
397
349
388
355
329
400
408
353
421
359
342
358
347
372
382
359
448
414
385
417
375
383
397
376
369
365
385
378
350
348
398
344
374
384
376
418
427
419
380
330
441
400
410
410
380
379
374
397
392
396
356
381
373
355
437
396
358
420
368
383
363
363
398
327
361
372
369
360
415
369
338
436
354
386
384
431
405
376
351
408
340
364
365
346
367
406
386
376
408
376
357
359
339
350
382
339
345
383
369
352
396
379
367
381
385
363
355
365
448
356
342
359
397
381
354
363
421
414
420
380
379
384
379
345
403
428
419
398
422
418
374
386
338
341
335
335
347
439
433
399
353
396
382
364
421
376
380
375
339
404
336
411
417
379
406
335
367
394
352
434
396
387
444
417
400
426
395
408
386
382
396
354
362
377
413
337
403
397
393
348
402
369
403
445
390
378
359
388
399
397
361
400
405
429
403
420
373
374
359
446
361
392
401
424
440
369
377
360
374
354
352
393
390
401
402
341
336
9673
380
327
352
399
345
342
372
426
394
384
383
391
381
337
381
380
349
407
395
342
338
326
354
406
401
335
431
380
385
368
434
376
427
392
380
414
416
380
406
410
467
385
420
342
385
413
442
416
407
423
428
408
420
421
371
403
388
404
390
330
404
343
383
404
426
381
431
398
364
400
446
449
387
402
456
347
417
349
418
433
367
378
368
423
447
385
420
390
374
368
373
370
345
371
405
376
446
375
365
10220
424
379
420
382
372
360
384
391
407
342
389
385
366
391
361
392
382
408
385
359
383
368
354
342
356
355
376
389
429
375
389
376
398
581
394
415
361
364
371
364
370
351
413
389
423
363
352
399
532
390
396
413
386
358
390
388
345
368
394
424
422
405
413
379
364
357
365
366
365
348
376
379
346
339
338
400
347
393
398
387
325
340
350
364
344
398
438
345
459
356
344
427
385
361
338
376
384
366
427
10241
399
400
435
365
347
415
351
394
392
428
345
403
383
396
422
382
363
398
413
435
416
379
376
385
397
385
351
363
379
343
411
394
345
364
380
365
419
376
351
427
400
428
402
437
388
478
417
373
332
400
347
361
398
411
416
449
416
429
392
373
401
475
368
371
374
456
345
363
426
386
360
341
352
355
404
445
362
401
357
390
333
342
336
331
376
373
374
357
331
353
371
413
353
354
363
358
334
384
360
10392
412
378
346
408
342
366
404
445
424
400
396
411
359
388
349
374
401
381
401
399
386
399
387
375
343
386
375
424
361
475
332
395
434
420
395
418
347
404
365
428
383
440
404
393
362
440
388
413
370
390
342
357
359
357
359
405
349
351
359
354
321
384
354
408
367
392
442
398
366
401
361
393
362
390
347
393
406
392
357
383
361
378
353
404
430
421
366
400
350
355
339
398
390
432
336
366
393
435
403
9991
324
344
412
349
411
328
311
285
90
281
283
93
97
94
95
99
342
370
325
379
325
87
93
345
338
112
92
92
284
292
342
297
93
90
83
108
336
83
94
328
96
366
98
319
304
367
333
90
353
332
356
323
323
90
318
320
90
82
86
285
90
83
92
89
324
366
307
86
95
281
93
80
90
84
92
88
287
141
89
337
94
92
99
83
83
89
86
80
98
90
336
81
341
379
132
341
94
279
92
9719
342
356
343
362
401
385
373
373
365
398
374
371
362
363
350
368
353
381
351
407
388
380
340
414
407
438
354
344
338
372
326
360
356
404
348
361
347
447
358
367
340
363
331
374
337
374
339
404
358
395
417
361
337
382
321
404
322
339
366
409
360
342
327
344
338
325
338
392
344
383
333
386
397
409
366
369
381
412
331
360
353
374
369
442
387
373
332
383
365
420
342
354
389
372
345
393
354
345
382
9750
318
345
323
335
319
313
331
354
323
367
348
329
313
352
324
366
319
362
309
335
304
364
333
400
336
362
307
354
326
321
359
347
310
365
338
374
326
373
326
360
382
409
317
364
350
393
371
364
329
386
322
345
335
385
314
366
333
371
362
378
318
346
369
396
367
370
381
374
327
370
381
347
303
367
331
366
357
326
376
340
335
383
340
355
364
414
364
390
364
371
338
364
325
334
321
349
328
426
349
10047
382
358
365
347
431
402
344
414
372
368
344
371
360
398
377
338
365
375
390
411
415
404
395
380
421
458
340
357
349
409
422
372
386
397
397
426
362
414
353
440
348
398
389
405
357
397
345
403
342
341
345
356
331
338
367
329
407
351
440
346
386
371
324
352
361
416
347
369
340
415
404
337
355
349
336
367
347
360
387
361
326
351
374
380
426
386
398
411
391
403
423
412
423
414
384
419
413
347
351
9889
319
396
415
427
339
393
383
388
340
350
333
364
386
375
358
348
417
350
384
411
322
351
337
330
406
405
372
394
437
409
360
397
400
398
399
427
384
401
333
382
365
340
372
376
404
380
330
392
330
399
396
351
376
344
371
364
333
342
339
384
356
342
407
381
335
322
356
391
394
366
375
376
378
361
378
400
421
318
386
401
375
330
400
342
357
347
341
341
360
326
336
346
352
317
381
328
334
344
385
367
343
358
386
346
364
358
352
334
404
403
360
428
401
425
387
416
385
393
373
387
379
370
392
391
362
391
371
393
397
388
386
411
405
374
403
343
345
354
346
405
409
342
441
427
357
424
398
349
349
402
428
390
381
386
395
357
404
410
345
406
355
402
336
444
411
411
392
462
383
447
386
412
396
383
332
420
382
405
344
388
398
370
347
370
361
443
386
409
378
378
336
350
348
451
396
414
386
414
371
8195
385
345
348
374
394
375
364
373
365
415
370
400
388
325
339
385
351
362
371
382
383
442
357
336
366
361
408
417
342
408
356
411
350
375
355
373
341
364
344
417
370
364
344
385
357
403
354
425
361
372
362
410
385
405
397
344
415
389
404
404
349
401
374
374
423
382
415
374
353
386
394
439
347
441
380
394
367
349
382
410
383
337
377
364
362
395
361
411
370
379
362
387
356
375
380
383
371
429
352
9483
396
402
362
396
392
392
407
380
368
395
399
369
364
395
381
415
392
402
412
402
400
455
372
362
399
411
391
364
392
379
410
392
350
400
378
420
365
385
351
356
361
383
365
428
447
389
364
366
372
368
411
371
406
434
429
374
372
403
360
387
382
382
384
367
385
381
407
417
356
347
391
372
435
389
382
383
416
408
380
394
389
424
359
371
363
444
366
388
357
365
422
389
394
401
359
410
411
409
414
10068
382
404
405
380
408
393
422
416
365
355
412
389
389
428
399
345
389
372
395
367
347
384
382
350
385
354
430
384
383
426
389
433
377
402
445
394
432
427
391
458
347
369
416
365
376
335
397
366
350
464
377
432
397
390
399
427
380
426
393
460
367
403
397
361
381
380
442
392
407
345
423
423
393
363
406
348
434
414
414
371
361
395
398
339
443
431
444
349
440
357
437
383
372
401
393
345
371
368
388
9474
413
427
334
325
407
335
335
92
285
93
137
339
96
101
96
89
95
353
96
119
91
88
285
287
91
91
86
95
364
343
368
339
342
319
288
93
92
97
397
90
319
336
357
321
385
338
96
97
97
97
99
98
94
321
91
356
92
333
97
325
92
100
316
284
98
91
97
323
98
289
94
276
90
89
357
90
102
89
91
330
163
89
94
90
92
86
88
93
125
359
90
288
93
96
92
94
286
94
289
10068
433
400
403
359
382
410
396
419
427
371
393
429
377
346
382
449
381
425
384
383
365
372
406
383
339
545
396
340
387
377
373
378
378
398
405
383
405
414
408
384
365
350
409
438
525
535
436
372
363
391
362
393
386
400
358
357
374
392
428
414
394
447
399
413
398
425
356
354
348
396
386
418
390
335
376
385
386
344
400
409
421
360
385
413
431
420
432
384
405
393
423
410
361
397
379
399
384
404
362
9980
371
342
348
366
396
424
363
414
400
387
383
447
338
368
362
343
375
344
339
332
343
328
357
438
339
340
385
412
396
406
358
399
349
344
348
339
381
383
388
385
371
374
355
335
409
329
339
416
386
392
375
413
416
388
395
356
339
331
414
353
388
329
349
345
342
360
396
393
348
376
404
381
333
340
349
398
358
355
353
377
372
349
349
399
384
385
344
398
395
410
349
330
361
332
343
365
396
379
385
2193
344
378
373
336
404
357
405
408
393
345
404
335
343
346
374
438
427
392
407
396
340
404
394
392
433
432
382
385
346
346
366
349
352
375
356
408
360
344
341
375
338
402
382
354
351
398
390
384
433
393
343
421
341
346
366
415
366
374
412
380
343
383
343
386
369
444
340
419
378
401
375
363
400
375
343
383
423
420
357
389
355
388
459
408
364
416
399
415
356
410
352
394
336
390
429
415
356
413
458
10235
411
421
421
377
397
382
371
400
400
405
354
390
392
446
337
358
375
403
406
354
400
392
332
410
341
410
337
381
340
350
335
345
356
361
368
333
394
353
358
409
356
416
373
348
340
340
334
367
369
403
368
392
427
344
348
350
400
360
365
356
350
424
389
371
393
433
346
405
373
345
371
358
325
373
351
403
332
352
386
404
382
436
365
407
341
396
386
391
387
344
426
346
355
369
348
389
356
410
398
342
318
331
387
393
381
345
354
385
402
344
335
339
371
423
388
356
406
343
345
354
405
401
397
401
380
417
340
378
407
372
405
343
382
330
399
332
384
373
412
407
392
367
350
370
354
375
331
344
370
368
368
391
354
373
388
370
335
355
340
374
378
341
375
336
403
379
386
394
440
429
389
344
389
358
362
354
354
363
411
369
346
406
328
398
398
359
395
353
391
339
347
371
353
348
355
355
399
341
383
10135
345
360
384
385
361
347
318
379
349
347
351
344
353
371
343
347
384
344
345
375
376
348
420
374
340
364
360
382
333
348
388
380
361
406
352
379
364
344
427
387
352
387
412
380
367
393
389
437
390
357
417
347
384
368
331
348
344
360
348
371
346
401
333
389
430
409
341
332
414
355
407
423
388
448
345
426
382
391
431
350
383
436
422
443
351
380
354
371
345
335
349
419
394
376
399
350
357
404
397
9956
374
416
362
385
351
340
397
343
376
324
338
398
398
341
419
316
338
343
373
409
346
349
348
348
338
339
338
372
367
342
388
333
329
339
327
357
387
369
341
344
330
387
348
343
339
383
383
356
381
318
328
340
342
345
364
395
353
340
372
415
394
350
394
407
347
354
351
349
369
436
370
394
363
404
383
423
354
393
342
351
370
400
374
349
411
396
358
350
347
457
342
356
380
399
364
378
430
359
415
10199
365
419
435
441
355
380
369
361
429
409
348
390
386
409
408
353
389
405
387
382
366
398
401
432
344
354
412
392
377
403
406
399
372
412
381
387
391
378
391
372
353
405
385
401
379
389
364
346
423
424
339
396
354
362
365
364
386
384
394
387
389
402
344
410
346
342
360
423
343
380
381
382
356
441
369
354
351
399
344
398
379
348
339
428
385
356
350
381
351
343
348
362
342
331
397
333
349
347
341
453
340
355
400
357
335
350
401
370
424
412
346
336
344
349
363
375
381
407
357
422
344
356
385
337
384
424
355
349
348
10229
357
370
333
87
290
285
328
318
285
99
375
99
298
91
93
326
318
96
344
96
340
95
324
125
92
87
92
90
332
298
91
94
88
91
93
327
289
285
147
333
92
304
304
316
95
336
336
308
100
311
94
360
329
350
327
328
96
300
97
333
93
336
94
307
90
81
309
84
329
