Execution time (ms)
8800
318
375
362
340
361
363
370
347
314
341
358
318
336
327
344
318
356
348
343
333
357
336
320
345
324
361
319
364
296
304
298
376
363
343
352
363
304
340
310
369
327
343
319
371
341
351
364
330
299
308
323
319
317
387
323
400
352
385
287
326
299
354
328
332
320
336
370
367
306
328
341
341
350
353
365
354
306
348
366
333
364
373
338
346
347
337
373
334
317
327
339
377
313
357
338
343
424
341
308
3468
374
372
364
341
314
361
364
326
323
353
293
299
348
327
334
309
338
311
329
312
349
394
364
338
305
335
319
352
298
318
302
340
330
309
335
332
328
322
372
339
295
340
317
311
335
359
336
314
312
348
294
360
339
323
336
359
330
326
330
311
308
375
292
310
365
334
313
323
345
318
337
296
307
329
323
320
333
350
302
362
307
362
336
349
330
363
342
393
374
344
360
313
324
344
315
292
323
332
303
6861
346
338
320
381
346
362
372
351
339
330
382
387
354
313
327
360
348
368
338
337
355
369
326
364
364
354
329
354
313
330
334
386
349
303
337
334
338
366
354
366
359
343
361
331
335
366
329
343
344
350
357
319
327
317
355
363
316
338
337
366
311
362
317
324
354
326
360
352
368
326
302
378
324
346
358
345
354
344
345
347
351
379
365
365
351
380
334
347
311
303
384
314
318
334
361
348
321
385
323
9721
360
387
323
357
319
367
362
354
348
388
343
300
330
326
332
317
337
323
316
365
315
364
335
358
334
365
306
322
325
349
645
344
307
372
335
324
331
312
343
321
365
351
323
318
396
325
367
354
309
368
322
358
341
382
369
380
326
355
333
339
307
395
348
380
304
314
362
361
341
376
338
345
338
338
355
330
372
354
331
366
305
338
302
375
340
351
339
361
356
401
341
363
353
401
352
340
327
316
347
10028
301
372
390
391
327
366
388
337
326
381
334
378
310
344
342
331
302
321
339
344
353
330
406
345
347
342
372
363
328
371
323
402
351
332
364
312
362
375
318
301
303
367
315
374
323
357
389
350
323
336
297
358
319
351
350
322
336
360
353
372
318
388
355
387
330
347
302
375
303
309
344
363
322
381
351
391
361
349
324
310
316
351
374
339
327
318
300
352
389
373
316
340
335
353
340
322
369
361
366
2440
370
349
329
356
300
353
331
285
310
323
300
307
313
364
366
348
322
326
314
346
292
332
316
303
289
325
352
374
325
341
311
340
332
359
306
353
310
345
315
356
300
364
294
334
320
326
328
349
329
323
332
379
294
325
288
361
364
358
357
320
324
336
313
343
386
330
281
337
348
310
339
338
338
312
333
316
366
342
367
342
360
300
364
352
322
377
342
331
354
347
360
341
362
345
338
353
290
352
332
9869
289
347
361
407
349
359
342
344
340
334
353
376
341
332
363
346
317
307
295
335
341
302
344
301
315
313
326
308
285
367
329
377
330
344
335
350
343
350
341
348
318
326
341
331
348
320
295
320
289
341
325
372
327
365
370
344
300
364
370
333
315
334
294
344
302
355
341
350
309
335
347
342
341
349
348
343
299
350
324
351
348
332
364
363
374
381
360
342
333
365
301
352
319
319
326
359
359
409
360
9121
338
359
312
353
331
317
343
307
308
371
317
341
346
387
384
391
313
382
303
382
351
379
288
348
358
359
391
346
346
348
324
364
358
347
345
348
400
360
334
346
293
337
320
365
362
340
337
334
350
325
318
309
341
309
327
353
326
347
323
340
315
345
338
362
304
335
328
307
341
354
330
372
379
345
299
354
349
409
307
333
340
339
306
351
317
363
319
337
344
297
322
342
304
294
347
313
302
397
294
8875
331
341
361
1004
333
305
333
408
316
421
334
365
324
345
356
365
328
391
296
342
332
415
355
344
372
354
308
356
322
336
354
418
427
349
302
349
318
356
357
313
313
337
300
352
304
362
313
343
340
317
345
352
299
381
340
368
336
386
359
395
313
345
294
355
362
367
357
312
335
345
294
302
347
301
362
345
332
314
329
372
371
358
315
369
348
380
354
339
349
333
315
344
325
403
412
383
274
337
300
9513
310
354
312
324
364
338
353
344
346
362
305
368
338
349
350
401
331
340
328
357
317
378
310
358
322
366
347
367
302
345
344
321
360
316
328
363
283
377
365
340
315
369
345
361
297
332
344
314
330
357
363
340
327
359
384
294
301
334
313
329
319
334
362
308
348
297
364
344
296
413
361
363
322
342
354
326
344
340
350
373
341
408
333
347
333
346
380
371
354
313
334
331
347
360
301
354
313
362
336
9221
332
337
325
350
345
373
347
320
346
364
338
351
339
336
318
347
332
356
333
367
322
346
329
344
351
339
335
366
326
342
333
337
326
370
301
328
301
332
389
289
356
338
335
374
349
300
292
350
350
329
349
368
329
397
322
329
295
363
300
392
310
349
329
345
358
323
351
391
326
332
292
347
317
309
352
316
332
325
312
320
313
392
293
364
359
359
320
292
290
364
348
333
347
318
350
305
298
310
323
9603
366
325
349
312
371
412
341
316
311
326
320
309
366
361
321
339
297
363
345
297
330
329
302
338
342
357
323
346
339
345
358
296
323
327
390
337
315
338
380
304
324
319
305
347
379
334
344
291
359
313
335
309
319
304
356
374
304
380
305
357
345
299
349
389
302
303
311
332
335
329
343
366
303
373
346
386
361
339
340
339
369
362
303
371
359
335
372
337
294
343
293
361
331
350
290
387
343
305
365
380
361
382
367
352
302
350
307
411
324
357
293
367
332
331
336
350
321
321
322
372
359
332
385
401
355
304
354
344
303
369
329
309
330
365
311
345
355
352
327
363
364
351
308
337
342
352
356
358
374
325
350
388
356
339
346
301
344
318
356
336
325
335
374
325
377
386
351
352
325
389
322
359
351
386
363
358
325
328
303
372
307
388
366
405
328
334
342
368
368
357
322
350
340
382
346
366
370
346
359
385
367
362
300
274
297
291
292
94
292
331
288
105
90
287
281
96
97
96
277
90
93
96
86
92
89
96
98
89
91
91
106
129
100
91
100
297
103
90
97
100
306
99
280
264
304
348
309
300
98
303
290
317
291
320
297
314
134
284
297
311
296
101
273
99
267
279
258
143
99
254
97
89
102
95
99
98
301
98
97
121
320
294
296
337
273
296
99
315
116
355
340
274
310
279
297
293
304
303
88
9369
341
314
375
371
321
296
345
296
367
334
358
336
348
341
356
355
376
350
363
383
348
362
342
344
309
342
376
356
417
388
341
348
355
330
357
334
322
349
325
301
368
347
352
316
336
367
376
352
382
366
341
358
374
347
342
335
315
360
353
336
299
366
378
337
323
367
336
314
295
361
322
324
359
344
358
305
362
345
352
324
334
380
342
300
312
348
416
356
318
341
345
327
334
357
349
342
354
372
365
329
346
333
362
332
358
326
366
320
313
366
332
334
353
353
403
328
299
349
351
340
369
298
308
315
311
352
364
334
300
369
325
344
283
326
359
313
335
365
347
333
345
310
332
382
334
316
321
337
332
341
355
340
325
367
348
340
356
342
334
339
379
340
396
306
342
325
333
341
347
367
340
344
328
350
330
370
339
338
339
373
337
316
337
361
332
350
333
304
339
369
355
354
356
333
333
344
375
311
341
9420
343
370
329
403
331
364
354
337
371
359
344
346
306
328
384
296
366
293
349
347
322
326
341
344
366
334
342
373
323
379
380
381
323
317
356
323
336
347
360
341
317
340
394
327
306
346
338
347
338
289
339
345
315
371
372
307
346
334
354
401
348
342
344
335
338
306
312
298
318
367
366
343
333
310
363
360
329
335
326
330
322
364
349
358
353
335
358
369
364
370
342
341
355
328
353
322
341
367
300
328
368
368
364
367
365
335
333
393
376
306
319
333
340
335
361
333
340
331
334
362
356
310
357
335
350
331
340
347
352
320
371
335
324
290
323
360
331
342
318
353
299
305
360
345
359
346
305
304
318
325
308
325
304
358
297
298
355
306
332
374
361
342
294
311
356
315
346
338
309
338
304
326
359
368
341
301
307
312
322
359
308
315
300
354
343
293
351
368
352
356
296
298
317
346
331
325
282
303
299
345
343
304
329
356
329
309
286
299
373
297
329
345
350
311
304
323
347
350
383
343
382
343
340
380
344
367
322
371
321
339
366
363
404
308
371
305
349
312
322
302
371
305
324
332
353
347
315
299
355
365
312
368
303
291
320
303
306
294
318
299
297
342
302
323
352
302
318
310
325
301
311
323
322
301
314
313
305
354
349
320
316
323
311
337
370
367
315
287
306
340
372
320
314
300
399
331
358
330
337
9325
328
337
341
371
347
330
326
327
354
301
352
317
348
351
305
297
358
338
332
334
337
356
320
308
358
339
368
335
318
365
304
355
360
383
309
351
303
323
354
334
333
334
332
316
355
345
366
341
286
324
323
328
363
329
307
350
334
296
361
355
313
318
302
355
348
332
359
348
383
331
382
366
314
313
346
335
322
377
322
349
372
296
328
360
332
312
315
349
349
321
300
371
308
354
303
365
359
368
322
9542
351
335
306
355
329
347
365
356
357
297
334
328
393
373
340
367
363
352
309
350
363
359
352
375
364
367
345
327
374
348
351
344
334
330
402
341
330
381
317
358
349
313
341
376
383
332
371
342
344
320
343
324
326
318
331
328
360
292
370
337
350
341
317
305
392
364
346
345
370
359
357
332
363
342
330
309
343
354
365
355
351
337
342
357
295
414
360
335
331
328
364
341
355
318
305
365
370
357
346
9754
351
394
365
352
367
348
367
375
365
325
347
358
361
310
347
343
369
345
318
365
334
325
339
373
349
352
362
361
338
332
327
333
359
319
350
374
368
363
333
363
333
334
352
343
353
336
393
332
350
369
319
375
382
377
335
369
345
315
303
357
331
341
332
352
359
306
352
304
353
333
369
304
357
375
371
349
329
351
340
340
353
352
333
356
361
374
317
376
400
337
361
353
368
359
296
380
386
350
353
7869
376
371
357
346
355
305
320
339
342
315
371
356
346
346
376
306
361
343
373
321
346
305
360
325
326
318
353
362
376
316
354
288
322
316
351
344
364
313
367
329
349
360
303
354
314
317
320
307
392
314
351
316
291
349
333
334
338
358
341
336
329
361
347
379
306
343
319
314
315
331
347
365
351
358
365
314
372
302
308
339
366
296
363
316
340
353
358
319
290
335
370
399
374
350
358
309
366
350
352
9451
358
343
360
357
420
302
342
333
318
309
360
364
349
329
298
359
341
359
338
372
369
359
306
341
354
345
331
371
315
369
346
348
360
344
330
363
364
347
355
411
372
295
323
343
352
317
335
350
335
352
373
334
351
307
344
341
306
345
376
309
352
372
376
351
354
369
346
350
346
342
344
329
311
301
346
344
365
363
311
385
302
347
327
347
306
371
366
345
358
412
296
327
341
356
314
394
352
329
384
1184
332
299
341
321
306
403
304
393
342
390
371
378
334
387
349
341
349
335
358
367
370
380
319
316
346
353
384
321
330
375
369
370
357
379
370
377
297
346
325
304
338
349
306
354
295
347
350
347
319
360
337
374
304
352
349
305
298
324
345
367
343
384
310
366
375
344
379
365
344
354
310
380
298
385
355
382
336
377
343
315
315
316
387
298
324
339
389
336
353
382
344
360
361
307
354
358
327
386
422
330
304
358
311
395
333
329
300
361
347
375
314
359
356
333
306
328
349
367
381
368
342
312
355
345
351
386
369
365
321
370
323
304
354
361
282
352
311
368
350
382
342
312
364
362
338
336
309
375
332
350
328
296
302
347
307
335
341
376
309
376
350
299
365
406
388
368
324
363
342
337
302
306
304
404
358
367
308
364
352
348
359
355
361
365
376
335
365
344
295
303
361
368
339
368
338
372
326
380
313
4760
326
355
381
335
304
339
368
332
364
357
334
351
368
330
355
330
356
303
380
347
352
323
340
335
366
311
369
368
362
354
377
347
320
342
369
352
381
371
312
362
339
355
317
356
326
372
309
328
284
299
287
297
301
342
325
381
306
298
323
328
325
351
316
322
363
344
350
363
336
351
343
341
316
304
371
312
399
319
355
337
355
331
350
309
351
362
358
363
323
355
370
308
308
334
330
349
306
343
319
9583
374
335
342
337
345
326
380
321
317
353
323
399
370
326
349
441
338
363
354
364
351
367
356
374
341
314
335
359
299
350
339
321
312
312
360
347
295
321
341
361
339
354
349
354
365
369
317
347
331
350
355
366
337
385
348
361
340
350
296
355
342
295
340
309
310
324
347
344
347
382
309
343
313
362
306
300
329
327
303
301
308
340
279
372
304
329
288
294
296
292
294
306
294
294
296
392
360
393
356
8488
325
331
329
350
317
387
354
331
308
376
401
313
358
328
287
332
323
354
302
324
350
320
401
367
318
315
317
306
325
347
303
314
327
382
327
374
391
350
317
336
334
343
371
351
298
402
356
337
335
322
372
362
321
333
332
324
347
366
311
328
291
299
328
350
322
327
319
310
328
345
322
323
308
381
291
325
282
373
335
334
295
327
332
345
310
321
302
330
325
379
377
348
350
379
335
370
283
316
353
364
315
9689
360
358
329
354
335
406
343
308
350
387
345
415
387
341
356
344
349
364
328
324
323
370
352
363
310
373
337
347
326
297
338
327
291
355
329
374
345
306
345
321
381
408
364
375
314
339
334
306
287
348
364
353
348
378
320
379
350
341
341
332
347
366
336
384
382
330
344
388
347
368
324
393
335
358
350
345
326
376
309
338
360
369
344
345
355
352
364
351
345
323
319
364
337
364
307
305
325
417
340
374
350
316
345
309
316
342
321
324
364
313
298
341
289
355
315
385
387
315
347
368
323
357
324
335
294
370
367
331
318
341
342
335
379
337
326
341
329
375
308
315
339
349
330
319
310
347
340
363
375
290
294
310
379
298
372
370
333
335
336
359
377
334
324
349
327
356
362
336
295
325
349
358
360
324
335
310
292
369
360
372
332
342
336
329
366
359
355
310
358
333
349
337
323
340
344
310
338
6255
311
299
283
312
311
336
366
344
329
336
299
321
284
333
296
334
311
356
333
368
329
376
309
301
303
334
347
361
338
358
306
329
312
289
278
365
304
327
311
345
318
370
314
314
322
296
374
299
324
280
308
311
350
332
347
322
342
311
279
310
358
303
370
347
312
318
342
322
313
315
309
288
367
322
294
294
284
277
322
313
331
311
342
345
354
308
349
342
303
355
333
309
341
325
310
301
354
284
313
9327
369
338
350
329
299
372
374
368
371
353
305
317
297
313
392
324
345
336
338
314
340
362
387
356
338
315
351
304
391
372
375
382
317
364
367
345
312
360
374
379
304
346
330
303
360
381
335
378
338
339
340
368
345
333
315
350
317
324
348
360
358
360
349
389
311
364
344
312
363
331
348
307
359
392
341
342
320
305
337
294
346
375
372
343
305
314
305
338
308
314
357
372
335
366
327
318
314
310
321
354
298
298
346
321
299
330
304
297
308
287
324
347
339
296
306
341
329
306
308
314
284
293
303
303
322
341
318
306
348
339
308
284
300
337
296
321
290
276
293
307
356
340
368
345
368
367
365
346
347
302
316
338
317
320
354
342
293
303
328
350
342
329
332
334
381
338
352
332
358
327
339
307
362
341
359
319
393
353
299
353
334
314
326
373
338
359
366
456
361
328
345
351
336
363
380
374
401
304
358
9364
337
344
299
364
345
355
363
329
371
349
306
323
301
335
323
340
312
338
295
401
329
350
336
331
302
318
353
309
335
345
357
384
322
339
349
364
305
296
343
360
308
332
304
348
326
338
305
316
301
329
298
295
343
302
336
354
325
314
367
361
330
358
296
394
346
350
377
361
336
360
336
323
303
294
311
315
381
357
299
373
329
307
301
290
309
302
292
304
313
334
354
338
297
337
348
346
357
346
399
323
363
343
356
381
332
327
390
344
351
327
369
303
346
318
380
338
309
336
309
312
384
360
352
321
328
376
346
349
332
357
323
376
309
343
365
338
331
351
359
386
356
355
315
345
329
379
366
360
333
303
283
331
341
347
365
355
340
372
328
323
355
370
373
384
369
327
320
346
355
366
328
348
340
379
295
339
380
328
324
324
361
364
342
375
370
372
313
364
302
329
310
376
308
371
309
322
348
306
379
9267
320
326
359
301
333
371
317
329
307
301
339
337
344
335
339
360
367
355
335
338
319
355
334
332
358
367
341
379
365
328
396
336
352
358
345
357
332
343
335
366
362
389
350
352
347
333
336
349
353
350
340
376
291
300
318
328
330
351
289
318
315
327
318
318
350
338
330
352
383
372
358
331
352
320
341
331
356
320
332
338
356
334
355
329
361
332
347
317
318
329
342
319
338
349
406
350
315
358
357
9447
321
365
346
320
351
378
371
308
317
356
364
344
352
356
323
294
330
379
351
348
361
344
372
295
290
302
315
345
338
337
364
300
385
330
381
349
361
386
329
354
364
333
360
382
293
295
297
306
304
333
381
337
361
356
361
345
315
306
309
300
317
361
304
321
315
342
312
297
340
326
300
332
320
313
305
308
288
350
352
313
345
334
308
338
346
309
389
296
348
303
301
340
312
305
328
363
314
322
304
320
300
332
344
336
342
365
355
348
292
349
379
345
353
357
322
364
300
355
369
323
342
342
306
351
331
311
331
346
318
365
343
361
316
314
307
340
329
312
342
341
364
327
332
305
331
357
344
344
357
343
312
323
360
340
334
328
370
337
338
307
332
313
316
348
338
357
333
346
383
355
389
349
313
349
359
323
338
386
353
369
354
333
353
345
305
360
353
333
297
385
283
384
334
337
299
392
311
323
298
3963
376
344
364
374
348
346
375
330
290
396
358
354
366
337
349
319
346
359
316
352
296
336
345
396
374
369
357
345
363
362
351
298
339
296
330
312
353
338
372
306
376
342
349
353
314
383
365
322
383
330
313
335
332
325
366
341
378
319
345
389
328
329
377
401
331
322
302
321
382
324
364
368
351
323
374
305
375
313
384
362
383
344
376
356
331
329
335
349
316
354
366
346
363
388
358
356
354
370
347
9434
302
332
327
296
291
345
313
343
295
340
316
300
333
314
357
373
321
326
293
298
312
334
340
336
339
303
309
305
303
344
324
337
360
302
327
333
357
322
313
355
362
344
325
290
315
319
354
348
326
351
318
315
329
350
324
317
293
352
321
361
356
294
360
305
342
301
362
383
326
325
320
286
313
343
376
337
327
389
352
337
347
311
304
341
354
291
321
299
344
329
338
296
339
317
288
326
323
310
329
9381
338
370
335
329
329
305
407
314
309
358
371
344
367
393
348
344
379
353
307
382
326
371
297
296
313
326
364
380
307
293
339
334
360
388
354
341
354
324
310
321
390
336
346
409
374
337
340
372
320
336
379
345
334
373
338
316
358
297
312
301
306
358
355
311
340
334
320
368
317
347
341
363
412
342
330
369
369
371
294
311
340
357
333
308
345
318
332
347
351
378
321
352
327
340
347
349
377
407
323
8985
336
348
306
313
310
368
303
356
7634
346
366
357
360
324
308
368
298
355
345
351
335
322
330
346
336
297
303
303
303
322
347
318
330
358
372
345
321
354
364
296
325
315
316
301
325
293
371
374
344
314
311
325
348
345
377
338
283
340
328
356
345
301
373
335
395
338
347
352
317
310
341
365
328
346
372
313
324
307
319
380
312
346
364
361
331
353
335
349
355
342
350
349
335
344
297
327
302
317
338
9393
366
371
333
303
320
328
332
333
352
302
353
329
342
345
361
341
309
366
364
305
363
313
303
361
327
339
326
328
320
340
389
375
327
337
336
320
349
379
316
344
351
310
351
337
296
367
355
350
340
365
323
362
365
353
330
316
347
343
354
353
348
364
308
360
292
365
397
367
305
375
344
338
320
387
317
322
337
363
353
380
299
311
322
297
320
310
326
396
313
315
328
354
351
428
336
348
313
368
365
9536
351
321
295
350
322
360
310
379
352
372
361
350
349
348
345
341
297
296
332
359
353
314
326
313
300
324
339
331
312
318
339
318
314
290
287
329
314
335
305
331
323
371
338
326
289
300
362
324
314
313
355
341
290
387
298
370
350
352
331
372
341
356
333
345
349
306
338
352
346
355
354
364
338
347
329
334
310
366
298
346
331
328
314
284
367
320
342
350
362
383
330
337
342
340
339
304
380
313
303
6896
342
383
305
361
362
344
387
324
357
336
329
303
367
335
342
347
360
350
343
345
333
349
350
358
365
309
431
355
330
320
336
333
293
330
336
329
340
361
375
351
368
339
348
394
351
292
313
311
344
289
340
311
291
325
306
290
343
300
330
301
310
362
328
339
355
364
341
340
344
338
332
327
321
332
351
369
401
341
310
292
320
336
320
338
366
368
302
335
327
325
293
302
346
318
298
280
339
336
314
9467
352
378
377
352
368
360
427
3291
320
352
343
322
373
349
368
363
358
301
357
336
346
365
360
333
331
350
374
384
331
350
371
316
324
340
325
374
321
328
300
359
342
362
364
333
346
316
331
347
366
372
336
362
340
309
327
331
311
371
299
371
362
375
351
376
332
323
344
323
355
352
313
385
336
359
352
395
368
372
344
355
330
384
337
355
331
337
346
357
332
341
341
359
296
371
327
329
319
346
284
9592
346
339
381
312
378
366
324
368
314
371
327
376
345
325
346
368
342
406
358
370
324
370
386
344
355
316
321
368
336
362
336
409
357
334
293
369
388
378
312
316
312
358
344
335
384
361
351
370
310
348
331
341
306
293
318
312
336
355
331
389
365
383
350
340
353
345
297
375
300
357
381
381
363
315
350
319
318
320
331
308
300
347
356
343
313
327
356
343
304
346
309
329
319
321
288
321
318
361
336
349
315
332
325
330
308
308
382
352
284
354
341
359
328
352
311
380
356
313
327
303
314
344
317
316
323
347
316
317
322
304
300
337
295
326
301
349
309
309
313
306
294
358
344
332
312
316
300
346
312
333
311
339
306
319
362
338
338
350
325
352
331
365
347
329
337
336
311
354
315
326
295
341
293
357
299
328
341
413
302
334
347
346
373
345
307
368
311
357
328
353
350
358
303
327
367
305
335
362
312
3386
318
336
365
345
316
333
356
341
301
369
335
351
335
332
335
383
323
338
294
303
324
344
319
330
318
341
319
343
284
340
304
354
345
341
299
369
333
358
309
352
346
329
348
373
427
338
332
363
329
349
336
365
360
331
345
347
343
351
337
315
338
310
347
352
372
323
333
359
357
347
353
346
308
357
285
297
361
354
293
336
360
343
326
329
337
353
377
383
370
339
306
324
316
343
343
331
313
307
327
9784
309
350
302
335
373
298
309
356
385
350
373
353
346
316
293
310
358
371
331
299
367
343
333
370
361
344
340
360
355
333
365
349
335
345
382
333
307
337
315
360
327
365
342
366
327
349
302
342
338
349
360
359
343
334
349
339
336
335
333
374
369
331
325
353
329
315
340
340
300
360
341
304
348
336
335
353
331
294
298
345
334
312
352
339
345
355
344
309
337
350
338
368
354
376
325
345
341
353
351
9512
381
353
363
346
368
380
374
334
367
351
341
359
332
369
370
370
347
352
351
303
381
369
345
316
369
343
336
328
337
305
322
368
382
329
317
351
324
360
351
352
308
343
343
353
335
351
336
368
311
357
296
343
355
379
352
287
290
333
323
385
373
386
324
335
350
323
349
331
322
340
299
344
324
345
353
382
377
332
325
365
339
373
330
358
306
345
306
333
342
333
348
376
320
343
360
345
379
347
306
355
310
360
352
351
304
326
323
363
301
382
378
338
326
331
360
335
369
368
340
388
303
309
340
334
340
344
365
330
292
363
349
303
336
313
299
365
328
303
342
366
331
310
339
339
351
353
341
342
359
379
318
298
297
307
362
344
339
343
383
308
336
321
356
320
328
333
360
358
374
359
360
397
306
307
366
371
346
358
300
358
348
329
329
332
370
320
338
377
328
327
359
370
352
358
349
325
390
315
339
342
342
9435
381
374
382
343
344
361
358
321
316
374
370
353
325
385
389
360
349
344
361
340
316
408
369
327
374
381
342
357
333
359
346
334
385
299
378
382
369
312
408
405
348
322
350
303
320
376
361
356
349
357
328
312
350
301
355
359
369
354
379
322
384
350
349
390
409
355
356
345
346
345
376
346
347
321
379
404
357
368
349
352
374
317
293
375
352
321
346
302
335
372
373
348
378
344
322
308
354
9609
355
305
338
301
387
318
335
309
300
325
329
357
321
289
369
359
359
327
335
312
371
293
344
300
326
297
354
285
358
287
373
287
426
334
324
304
319
307
319
347
349
315
314
363
345
306
319
298
343
309
325
296
303
308
314
329
361
319
307
306
324
344
310
297
305
318
341
301
316
378
347
306
337
298
358
333
352
354
326
369
337
346
375
325
358
333
341
358
362
304
327
332
355
346
355
305
315
322
359
9457
339
324
341
368
322
358
286
350
347
358
347
347
357
379
332
380
371
348
345
390
313
325
316
372
344
364
358
365
325
336
329
364
367
357
378
322
361
351
356
312
329
332
372
361
361
339
367
340
342
373
339
368
380
315
315
321
364
408
354
347
332
296
362
364
380
334
352
337
329
298
341
302
348
372
326
307
371
363
333
336
319
351
324
325
342
365
377
292
337
313
343
358
357
334
386
340
349
349
301
338
339
333
371
353
394
344
350
340
375
329
349
319
344
332
352
372
350
339
373
321
293
308
352
288
335
348
370
363
328
346
357
345
324
366
323
350
361
315
368
294
341
371
333
355
377
312
351
365
352
347
357
345
326
368
307
314
327
295
324
299
339
344
327
340
320
337
346
368
349
349
326
344
353
349
330
335
328
321
344
325
302
317
327
339
339
326
368
390
349
360
344
320
340
355
344
401
345
359
341
1703
382
371
380
329
330
342
332
372
331
364
309
377
376
361
349
363
359
346
381
325
362
341
387
376
372
349
352
333
353
367
333
376
346
344
307
381
320
352
360
308
346
360
360
308
321
321
363
308
359
391
356
332
342
325
342
365
369
352
312
330
307
357
340
326
393
298
328
301
357
310
360
358
310
325
369
302
327
394
322
298
334
356
372
325
338
353
348
380
356
321
343
367
332
340
354
299
384
318
343
9464
371
366
325
331
321
289
336
295
334
291
290
319
363
308
338
369
320
340
332
314
335
350
341
308
310
342
331
315
354
310
327
348
372
285
326
334
329
348
352
341
371
363
367
306
342
334
332
341
320
325
355
344
329
343
339
325
386
358
350
303
378
331
352
296
381
359
334
315
349
313
306
293
366
299
291
376
344
317
324
366
310
323
288
353
324
339
365
295
386
340
331
333
324
358
368
333
349
312
324
9228
349
326
295
340
359
338
355
407
352
358
325
360
383
361
357
323
357
307
337
334
367
301
384
366
374
348
384
357
367
341
340
288
301
310
361
313
373
309
334
359
368
327
362
302
342
353
312
346
369
352
319
341
361
320
351
368
391
355
357
322
330
349
338
333
336
305
335
347
371
368
390
359
342
334
353
363
360
315
348
419
312
331
331
301
358
327
300
286
349
302
346
365
342
340
345
321
330
357
348
9307
377
351
361
335
349
343
348
338
300
358
340
345
351
323
345
356
313
317
357
356
346
328
316
314
316
352
361
334
354
386
339
373
420
304
338
312
365
333
330
355
392
380
360
382
342
341
307
369
340
379
315
336
344
347
355
358
309
365
334
332
361
332
311
387
313
312
348
323
323
302
328
334
327
322
351
309
371
350
349
290
327
312
325
324
350
356
318
302
329
338
382
307
373
326
334
385
328
279
341
9726
349
319
332
349
375
305
322
308
283
383
333
289
342
355
365
314
316
291
307
359
316
305
366
298
340
323
311
328
336
298
323
364
357
318
366
311
310
322
350
300
354
375
385
362
307
343
304
305
315
344
305
356
357
342
319
375
367
352
343
381
357
375
328
326
411
306
341
306
338
356
322
345
370
357
376
385
339
340
334
386
364
391
318
352
356
419
343
381
365
365
347
372
354
384
376
372
349
382
325
9015
356
358
382
330
334
377
327
356
331
331
341
380
344
338
345
334
360
366
368
368
355
356
327
352
327
302
313
352
357
329
343
314
308
348
351
384
355
343
321
319
343
293
388
353
348
353
354
410
364
366
353
375
315
351
342
321
303
331
360
314
305
350
359
355
340
308
313
283
346
298
324
372
319
328
313
371
368
344
316
326
347
324
337
359
356
334
339
340
299
319
364
349
357
295
308
322
301
292
330
9497
348
365
319
303
334
320
315
365
307
301
305
332
346
290
314
281
333
286
348
289
329
288
309
348
344
347
334
283
330
288
340
340
300
371
316
357
345
375
304
343
361
297
314
318
342
356
348
310
361
342
358
308
364
294
299
327
347
300
306
309
312
301
310
295
315
334
327
333
312
310
332
304
313
316
299
289
334
318
303
348
298
352
388
327
336
385
317
343
357
318
370
359
376
379
346
361
325
319
359
9291
376
357
361
310
339
341
319
335
289
357
295
323
362
292
338
353
371
315
327
332
351
366
374
343
361
374
328
360
372
331
363
339
327
344
362
364
340
339
359
313
380
341
356
371
383
336
324
350
374
338
366
372
312
353
356
375
335
365
332
360
333
323
317
351
348
385
364
391
360
367
408
320
317
301
374
346
357
347
333
364
345
333
342
367
337
328
355
303
346
347
345
292
338
323
367
355
382
373
333
9481
343
356
330
367
378
353
343
382
324
376
384
312
298
314
375
359
414
315
302
352
331
297
358
336
362
341
361
334
309
367
348
351
361
308
352
324
328
358
314
358
386
301
323
302
323
286
325
281
354
367
344
319
328
330
348
293
371
330
323
368
366
339
316
332
323
331
364
304
352
320
324
331
365
277
333
372
327
306
316
347
349
296
371
325
352
356
337
335
361
287
367
345
335
367
347
297
335
352
345
9493
339
326
303
314
325
292
307
295
308
289
319
336
324
290
343
353
309
304
346
296
344
304
349
330
311
367
383
330
339
315
296
290
312
375
380
315
353
306
342
351
300
335
375
304
360
295
349
283
354
383
313
337
354
301
373
308
342
366
353
348
368
356
300
324
314
334
347
343
356
329
324
331
352
331
355
338
350
308
340
334
354
302
320
309
405
286
357
348
351
293
327
342
332
313
341
351
340
336
372
357
338
304
346
292
349
398
326
309
358
321
326
337
375
319
374
341
341
339
385
369
364
303
333
292
349
314
294
348
330
350
369
347
354
329
353
325
377
358
357
365
332
379
375
315
319
401
337
305
362
342
351
376
376
322
311
307
353
296
345
337
383
361
361
372
391
293
372
364
363
336
370
315
371
343
372
338
375
332
316
366
324
358
351
313
328
342
432
341
389
361
357
343
342
354
349
366
298
338
294
9647
372
317
296
385
324
333
356
342
357
312
302
360
349
308
358
290
300
329
344
321
362
365
352
354
378
291
349
353
324
293
329
295
348
350
345
310
348
320
365
302
328
339
357
345
357
335
402
314
339
289
337
316
363
307
375
318
354
297
370
349
373
344
324
319
359
340
356
296
313
338
305
296
327
353
344
351
317
402
307
343
366
321
344
346
368
354
299
363
340
333
372
332
371
286
346
299
316
333
355
9485
308
331
360
336
352
334
335
316
349
411
354
308
345
314
363
328
352
339
342
380
351
296
313
312
318
289
335
302
358
354
349
369
344
319
354
305
330
355
339
339
301
343
323
296
353
287
329
324
288
292
324
313
366
296
311
302
352
315
296
315
294
297
336
338
341
334
435
321
389
293
340
339
358
351
352
306
353
328
344
303
337
303
354
289
352
305
350
308
317
295
326
351
350
344
358
344
338
315
358
4525
323
300
361
356
347
349
356
355
329
291
313
303
318
305
316
306
311
308
332
312
331
340
387
347
305
353
341
340
312
352
381
305
332
351
373
316
316
299
305
295
337
297
354
327
338
372
370
323
328
333
332
315
311
350
362
351
358
363
346
321
347
328
340
323
350
329
313
376
336
350
329
354
303
357
367
351
387
340
338
337
318
289
344
299
321
348
354
364
290
335
348
331
329
379
334
335
306
332
350
9679
338
409
318
347
285
332
284
321
332
288
283
281
335
360
312
378
347
313
350
364
326
327
368
355
295
323
298
366
348
301
326
330
301
351
339
299
343
316
356
325
318
396
387
320
349
353
300
343
321
327
315
338
308
370
326
345
336
331
304
334
335
329
348
342
306
342
420
384
370
283
355
365
314
352
326
336
343
315
281
366
295
350
347
357
351
332
364
346
339
331
299
284
299
301
321
343
353
354
344
1004
351
360
365
352
350
377
351
358
408
353
336
368
361
354
354
356
356
378
348
311
345
341
378
330
366
336
337
349
336
342
387
329
356
338
325
344
355
364
297
316
368
332
354
330
370
381
389
340
323
366
323
353
292
302
326
348
324
331
329
332
354
322
367
347
325
428
322
291
335
373
326
368
327
360
344
319
309
340
353
370
339
287
370
360
330
351
314
360
307
298
321
291
360
354
321
352
322
355
335
327
335
307
358
288
330
336
359
350
360
395
335
324
370
367
373
355
308
349
356
312
362
355
369
358
360
334
346
344
361
342
391
316
360
349
355
338
376
337
335
284
368
362
313
358
350
383
351
365
315
315
359
342
311
319
356
336
392
355
341
306
364
333
380
364
329
308
354
331
314
369
381
332
385
367
352
366
347
310
380
367
369
341
310
333
389
307
312
348
375
353
319
316
369
361
352
305
415
341
347
9442
331
364
336
342
350
361
351
357
374
311
300
297
332
302
305
323
312
312
363
309
358
303
304
303
342
324
352
361
385
352
359
376
296
324
320
303
359
304
352
350
324
349
353
383
310
316
303
341
319
298
299
309
384
309
331
328
379
346
311
404
350
366
323
337
318
378
367
343
298
321
352
388
315
351
298
312
362
305
312
341
346
353
312
370
314
338
284
279
298
295
303
297
294
307
321
285
295
300
348
9216
321
364
314
325
293
304
304
336
302
307
355
375
368
350
361
337
297
299
316
329
367
334
298
322
338
335
293
361
309
360
334
349
306
346
325
337
299
343
310
372
342
348
341
307
322
295
358
287
321
316
303
296
384
300
295
324
307
323
324
314
309
349
318
333
302
298
326
335
347
331
363
397
386
307
315
373
296
313
308
320
348
345
350
376
330
318
315
320
332
340
307
273
298
297
335
324
352
319
337
9560
369
329
357
352
339
342
335
349
366
348
365
365
342
381
392
348
397
326
366
341
394
302
321
355
291
335
326
357
347
306
349
357
310
364
302
372
321
340
324
361
301
299
352
308
333
340
374
358
352
363
386
348
328
351
310
320
345
351
365
333
314
418
351
317
371
348
300
327
354
351
327
390
303
359
352
321
351
304
322
315
343
351
312
344
363
351
368
335
333
315
354
337
332
309
380
337
353
337
348
8875
347
288
308
288
344
356
334
291
304
326
294
301
318
342
327
335
341
355
330
353
358
333
347
354
328
327
396
342
308
304
333
345
357
303
326
320
377
342
313
332
340
349
343
323
354
332
283
326
359
299
354
330
301
331
328
338
294
338
340
327
342
321
355
367
355
363
331
312
297
340
351
371
372
331
312
317
293
350
325
346
340
336
358
287
281
352
313
381
352
316
333
282
356
374
338
333
376
284
344
9407
373
350
352
386
307
329
357
361
300
325
301
365
297
373
320
336
337
308
308
300
313
360
314
329
324
321
333
315
312
346
383
305
293
330
335
390
347
353
371
386
331
303
362
403
387
318
295
357
325
328
333
349
305
303
324
322
351
346
371
348
327
320
372
337
299
311
322
370
355
361
353
366
328
388
364
327
329
375
322
313
298
316
360
373
354
300
340
344
308
330
321
347
305
382
336
334
364
371
368
9539
303
390
305
369
319
367
337
291
320
388
289
381
292
292
293
352
284
355
307
325
312
306
333
335
288
316
298
333
295
309
322
292
281
321
347
348
358
299
284
284
321
339
313
317
323
279
318
311
312
347
341
350
359
374
399
331
307
360
353
325
349
331
344
313
322
289
290
302
301
318
349
348
323
353
346
310
323
345
294
340
300
342
321
340
300
307
334
304
321
314
313
310
298
341
324
331
347
309
331
9329
366
331
364
409
382
334
355
326
367
307
323
322
333
294
370
344
296
298
330
339
299
300
338
308
348
308
376
370
288
312
307
301
340
292
305
288
295
301
399
297
304
332
303
339
300
300
359
336
336
320
295
345
346
325
346
304
358
345
333
312
313
307
300
293
314
315
439
345
308
304
356
368
339
301
330
396
346
292
329
313
333
360
311
295
291
322
343
299
310
345
348
374
319
304
315
361
306
346
305
9372
326
358
336
352
319
329
292
307
297
313
319
332
299
332
314
303
302
329
282
277
299
303
321
317
330
334
330
321
299
353
312
344
332
307
293
316
314
348
334
308
363
311
365
318
327
358
286
352
410
307
362
339
346
317
323
326
354
352
391
9723
365
308
370
368
300
349
352
338
346
311
304
317
331
369
307
313
323
335
338
383
340
334
307
355
392
341
353
356
323
296
300
346
320
367
375
337
297
327
319
9404
332
350
344
376
350
358
358
292
331
331
342
286
348
354
367
368
322
386
328
336
339
360
341
342
362
314
359
304
324
345
357
328
321
385
351
345
336
312
352
329
313
335
341
333
332
296
321
312
338
333
343
315
373
367
323
308
306
290
353
339
286
340
392
314
305
292
313
354
369
345
323
353
344
369
331
363
356
355
341
317
334
369
356
322
334
313
299
292
294
313
363
337
331
350
322
357
296
308
371
354
364
295
340
316
309
332
307
357
341
325
380
374
289
333
343
294
294
305
328
329
363
410
377
332
354
350
354
354
348
305
350
393
303
309
292
359
349
316
357
8035
344
335
293
322
328
342
330
372
350
295
377
382
294
347
349
346
325
339
353
338
350
358
338
290
316
318
363
325
299
301
297
299
354
315
328
307
288
324
370
328
345
387
361
340
325
295
330
334
344
343
317
353
303
345
293
304
311
314
313
306
349
299
293
371
366
335
314
338
302
326
307
354
303
294
345
344
343
366
291
324
386
309
340
330
307
355
304
328
365
341
291
338
311
381
335
311
292
286
351
297
291
363
383
306
302
322
338
320
310
335
303
312
350
328
307
310
301
302
342
302
301
332
314
331
282
379
375
350
369
322
360
345
389
362
361
353
365
361
322
360
384
316
293
305
377
431
337
358
326
341
321
339
347
363
303
315
304
301
310
322
304
364
322
336
459
360
361
319
343
293
297
286
299
305
325
355
375
363
349
371
389
370
311
301
283
308
309
309
371
358
352
361
326
346
369
336
339
343
295
349
377
334
338
293
337
330
375
355
376
347
366
340
342
350
331
354
283
336
349
341
301
355
352
338
369
363
336
329
352
338
326
357
319
316
398
335
355
333
358
316
365
347
295
344
301
377
296
335
343
299
305
300
375
332
344
383
315
407
337
364
336
347
354
360
366
310
381
319
299
341
353
344
324
306
334
323
305
334
299
281
281
297
324
277
364
325
356
292
319
335
358
315
345
354
340
371
373
363
342
342
379
314
328
349
335
309
349
331
328
315
356
346
364
324
356
331
327
341
377
356
327
283
344
317
379
318
351
330
318
312
321
335
348
312
356
325
352
349
350
317
330
382
396
340
329
357
346
341
344
358
328
358
304
353
330
313
311
354
327
314
321
381
358
330
346
340
316
304
289
332
340
308
331
328
295
305
343
295
376
353
340
333
333
378
321
333
314
341
307
291
299
325
356
379
324
321
290
303
286
346
276
358
331
366
349
398
321
293
339
318
308
339
292
335
338
358
333
350
330
351
362
318
330
320
314
347
337
335
321
343
308
362
351
317
294
303
345
339
352
295
318
318
293
302
309
283
288
315
346
335
328
291
393
320
292
324
321
320
306
398
311
329
320
368
352
307
302
327
311
322
310
341
368
327
319
318
330
355
305
348
318
332
287
302
344
320
297
277
324
287
302
308
306
306
348
360
419
336
324
340
368
296
296
292
314
301
326
319
337
364
361
326
284
303
324
301
314
303
325
313
341
375
308
309
324
345
329
301
298
318
325
304
314
281
294
295
300
295
284
324
303
302
317
286
291
318
284
301
310
369
286
336
290
316
275
348
374
334
329
9517
292
300
378
337
338
362
348
339
301
337
368
362
357
352
313
404
340
320
321
324
333
335
335
324
356
329
330
332
350
380
339
370
371
357
374
361
357
307
308
387
351
331
336
304
311
342
367
355
342
349
378
358
312
355
329
356
294
312
307
344
319
399
356
361
314
318
324
321
332
382
338
347
337
330
334
343
320
375
357
342
344
386
340
329
348
313
366
316
293
306
291
349
367
416
298
333
316
338
314
8741
332
336
308
331
368
356
361
306
311
318
287
335
347
302
325
385
317
327
285
282
288
343
308
304
300
361
348
304
348
319
356
310
347
339
333
342
293
299
293
310
350
324
364
305
326
354
307
276
350
343
328
355
316
306
286
298
365
284
408
367
325
343
368
293
292
322
286
363
339
297
312
318
298
293
318
337
294
322
329
301
287
285
294
366
299
301
331
291
333
340
303
277
289
330
332
325
306
303
285
9454
352
326
321
355
316
354
308
327
351
306
333
362
365
360
365
352
379
350
344
388
353
355
332
321
354
336
298
311
363
337
346
335
405
359
352
354
309
349
359
301
299
340
320
362
327
372
316
334
332
360
329
378
323
306
330
349
305
403
300
353
290
388
338
354
326
335
300
294
345
328
303
335
324
319
303
302
351
347
347
357
411
331
342
297
332
335
367
357
339
337
345
419
310
346
299
299
317
317
362
9345
303
345
309
357
355
342
334
338
270
289
297
300
292
347
300
295
324
375
334
9523
340
340
349
357
332
309
332
328
309
383
370
333
340
317
323
343
367
326
300
334
361
343
356
373
336
366
366
367
390
340
325
350
302
345
355
339
321
301
355
351
346
334
331
312
284
302
306
322
351
317
313
334
352
349
302
308
314
328
372
301
318
299
306
330
354
307
312
362
333
347
335
366
320
332
326
338
324
284
325
9216
370
350
346
328
356
326
334
330
303
328
331
419
319
337
332
335
332
303
321
323
332
343
340
384
313
332
327
344
323
339
299
331
335
359
361
311
303
343
377
403
368
362
326
315
357
374
364
338
379
348
336
300
382
366
326
338
304
342
328
317
350
340
377
312
329
348
365
365
365
316
346
335
353
357
382
335
378
402
327
352
302
323
363
350
332
326
308
320
359
370
341
356
342
313
344
357
335
377
386
9861
357
352
311
342
361
338
344
370
321
345
365
374
309
351
327
304
348
369
319
340
343
330
361
352
351
355
351
311
343
358
320
306
314
336
351
337
298
324
379
388
344
353
349
345
364
349
382
365
349
343
379
351
350
362
352
300
294
311
319
391
290
342
325
338
357
331
330
343
316
364
339
417
351
353
291
350
351
379
307
296
351
370
315
415
344
343
297
314
361
372
332
344
357
368
387
364
329
349
405
9605
354
341
310
286
295
362
365
355
362
346
292
401
338
348
320
370
287
303
361
329
321
362
331
324
336
374
372
290
324
323
337
325
337
332
326
308
333
363
343
339
313
326
283
292
320
320
292
323
343
325
342
312
365
317
336
341
299
352
336
331
360
339
342
299
352
315
297
288
303
302
308
308
315
358
301
311
309
301
365
335
353
348
306
295
347
331
320
357
302
289
312
288
343
298
335
342
329
303
329
9313
358
345
358
343
314
371
340
315
369
343
363
328
353
330
336
307
351
377
329
299
303
294
319
338
339
335
311
331
344
349
359
367
382
397
318
334
338
325
363
316
350
304
337
331
361
346
351
357
342
384
383
315
359
353
353
331
357
328
331
353
405
349
365
339
386
328
353
341
370
375
373
384
343
333
349
358
351
344
358
370
350
326
360
374
365
348
344
318
349
307
358
341
325
324
375
345
365
344
325
330
355
314
294
290
288
335
317
320
293
313
317
302
276
332
322
357
314
341
290
333
334
291
295
335
281
329
275
275
327
348
304
300
295
370
326
361
362
323
310
335
332
360
317
358
347
358
364
382
305
9724
318
308
302
312
328
306
296
317
354
327
300
334
347
309
310
326
308
341
372
329
306
301
370
314
356
295
343
316
338
288
363
357
314
317
300
350
360
328
336
313
347
357
316
336
380
313
356
345
297
9538
358
333
340
327
339
341
364
335
342
354
339
312
409
366
306
339
371
361
350
389
358
337
360
382
375
317
341
365
357
334
372
349
340
299
362
354
347
294
342
343
351
364
355
347
385
325
319
295
308
330
339
299
291
366
357
314
355
357
367
347
310
337
353
422
297
316
309
307
340
348
366
343
338
299
315
292
328
315
326
350
344
377
343
326
333
326
350
336
346
338
322
294
334
319
318
332
323
285
295
287
295
350
297
279
296
335
297
333
364
354
347
356
326
469
294
307
349
312
346
334
340
295
346
383
364
310
345
332
355
329
361
346
346
361
350
314
351
370
326
350
287
419
383
301
309
357
342
357
366
306
328
299
356
359
302
373
311
333
330
340
307
337
346
341
323
366
336
332
350
350
366
312
322
329
356
300
359
315
376
361
358
338
362
315
338
366
374
372
364
327
336
294
334
357
374
343
320
292
335
