Execution time (ms)
11392
521
532
523
591
598
536
507
594
536
510
508
553
587
531
577
608
617
553
536
563
596
555
627
501
579
510
523
517
595
531
555
471
495
603
584
547
544
558
529
506
529
603
581
594
551
508
612
588
528
540
522
513
590
571
564
576
483
509
522
521
600
580
516
481
596
537
637
608
586
585
521
563
526
534
549
526
608
555
510
598
523
564
569
552
477
604
509
508
587
578
540
603
584
552
527
562
578
481
528
11210
532
574
577
571
507
513
518
567
539
506
476
504
508
537
576
507
523
626
466
530
620
605
630
486
513
588
511
528
563
601
521
511
545
524
574
517
595
507
509
528
538
535
533
542
575
595
572
578
481
598
610
593
527
532
502
469
582
546
538
579
565
584
520
563
488
489
469
520
607
563
559
531
529
580
524
510
589
512
466
580
476
500
522
539
533
517
528
549
516
571
611
540
571
497
587
492
520
586
509
516
561
500
512
520
617
564
468
561
603
536
554
537
528
515
507
526
589
544
547
543
591
586
621
556
514
503
481
538
520
566
597
553
621
586
490
518
557
594
587
538
601
538
598
577
573
523
511
543
519
527
589
531
542
583
489
590
565
495
498
521
520
585
596
559
462
610
507
580
535
520
566
531
482
582
539
556
580
514
585
564
637
557
604
578
575
523
508
619
544
507
495
574
586
504
508
501
484
484
508
10987
536
470
452
603
470
540
434
457
612
438
461
469
474
431
77
486
80
81
77
436
83
490
80
85
84
454
79
464
83
79
79
77
85
82
79
78
78
73
81
79
77
80
77
82
78
80
80
76
78
121
83
77
77
81
494
87
477
84
77
80
528
472
429
87
560
468
79
83
512
82
84
80
79
81
78
78
76
81
76
84
76
79
79
80
80
76
77
79
81
72
574
78
82
78
430
488
470
442
471
10881
577
599
593
540
573
520
504
574
583
483
495
510
506
540
511
592
508
530
560
583
585
602
612
568
521
592
579
583
520
550
595
494
587
525
521
500
595
525
492
543
560
579
484
618
492
530
578
567
462
527
570
584
520
590
479
508
579
573
511
544
542
526
574
525
582
522
476
600
574
537
572
545
520
529
528
527
601
607
611
535
533
528
515
576
552
595
582
496
594
549
587
603
526
600
529
585
514
505
508
11085
640
616
598
601
553
543
607
562
555
571
522
577
518
544
514
518
544
510
571
515
499
542
577
509
530
522
537
522
569
568
577
516
563
518
566
543
569
544
556
524
516
592
527
559
473
527
496
541
533
553
539
539
542
520
530
539
599
524
493
528
583
599
551
597
503
620
592
526
625
596
594
579
527
597
575
551
575
514
555
505
531
522
591
568
602
544
613
488
587
607
620
602
580
565
477
495
481
512
524
11075
488
521
508
454
482
485
494
482
527
549
489
478
505
575
523
542
521
546
514
510
524
546
518
544
481
539
576
570
462
493
510
551
552
506
525
480
532
487
498
554
554
502
477
486
509
500
504
553
489
492
490
567
542
488
513
549
494
461
495
474
572
516
507
471
537
557
480
555
478
498
537
550
497
628
476
539
548
556
463
494
446
510
491
487
502
525
504
472
504
487
535
452
536
500
493
504
547
499
516
11047
495
480
553
466
476
528
518
571
557
557
494
541
454
601
539
566
571
499
544
498
506
523
497
516
509
571
562
540
493
511
571
546
549
522
515
492
526
501
500
522
473
576
464
521
545
566
510
490
541
526
563
547
506
491
487
530
488
484
575
533
525
456
493
550
447
488
501
456
475
462
493
456
501
479
463
476
466
488
475
515
486
515
482
567
530
517
527
531
474
560
496
588
507
502
541
489
489
583
513
546
508
578
495
546
557
575
524
585
561
527
556
558
605
591
517
506
508
564
473
501
491
497
501
601
511
568
502
565
595
525
537
523
527
550
514
520
514
514
527
548
581
516
516
575
584
550
473
592
594
541
492
494
539
507
524
487
572
479
498
516
522
489
601
506
501
504
592
603
532
503
537
526
527
588
537
520
518
589
571
537
562
531
611
584
554
587
519
518
490
610
505
479
500
522
528
507
511
568
579
11016
549
581
545
476
587
545
540
562
542
528
568
556
542
530
499
587
573
473
607
500
520
588
574
522
504
585
498
500
519
514
531
502
558
504
494
493
504
574
556
497
490
487
535
582
464
592
509
519
594
559
585
562
569
536
530
584
603
512
577
512
589
588
581
493
484
587
544
567
594
580
605
569
511
590
520
527
471
526
509
529
532
525
514
572
507
499
546
567
491
497
502
524
561
509
553
581
477
564
496
8511
595
580
601
536
534
565
509
519
512
608
474
529
502
522
534
567
522
542
536
508
573
479
502
556
583
476
497
581
477
573
515
495
529
507
584
579
618
597
631
590
577
534
530
486
582
585
514
591
504
572
507
507
537
599
471
501
506
525
598
591
486
570
630
579
594
486
503
520
503
473
524
480
548
474
476
591
539
547
480
481
574
503
554
475
498
590
528
574
524
494
596
572
494
489
511
508
547
507
600
11209
588
563
550
529
548
493
596
501
500
510
521
565
530
587
544
524
587
524
568
561
531
532
589
614
531
535
554
514
530
535
622
593
563
487
593
547
535
518
587
550
504
510
553
503
531
577
589
500
514
521
538
504
591
582
487
576
508
514
586
505
602
514
541
526
531
624
506
592
583
601
600
598
502
520
537
520
536
593
484
624
588
581
582
520
596
477
546
539
545
579
548
560
561
534
509
504
499
565
518
555
488
475
544
527
538
518
576
497
503
507
477
578
525
574
546
540
527
493
505
499
523
494
519
525
486
489
500
535
546
476
564
519
501
534
582
515
554
508
522
534
556
591
575
568
485
586
519
544
509
540
501
571
534
576
527
567
515
499
589
570
526
490
498
499
496
468
522
489
596
497
496
498
593
491
556
469
504
490
494
485
545
585
454
480
510
574
495
516
473
577
529
527
514
508
538
499
527
533
497
501
494
528
532
505
485
519
575
526
540
488
514
554
519
504
505
506
518
555
537
574
484
596
516
519
525
583
503
490
590
544
534
588
526
504
563
600
564
545
510
584
532
544
528
576
553
476
595
522
572
589
528
575
548
575
548
534
512
495
495
479
539
507
587
474
583
527
529
516
507
529
521
573
529
599
561
608
587
573
551
481
515
496
533
508
508
503
557
571
519
544
486
463
478
593
534
507
497
505
591
10937
528
592
580
483
617
464
577
510
536
505
494
496
582
547
565
503
580
510
534
500
496
488
493
513
561
596
543
513
468
513
507
543
593
494
541
542
477
581
561
587
517
472
495
504
526
500
578
617
564
526
586
569
532
603
508
563
549
535
551
543
523
585
564
582
554
581
576
533
500
510
481
508
605
491
522
580
579
512
603
532
578
549
531
485
513
516
515
483
501
509
489
569
504
502
486
533
501
483
593
10869
584
521
537
557
509
546
492
511
452
563
534
522
515
537
586
521
523
547
568
597
573
570
477
558
504
615
550
540
541
586
476
490
534
503
499
580
537
486
589
595
564
486
501
589
514
495
568
590
552
536
493
565
500
504
495
529
580
602
463
515
490
589
579
535
538
522
483
462
578
534
494
514
521
563
498
510
615
496
554
478
512
501
499
586
574
531
509
518
533
629
584
511
556
499
495
509
481
528
507
10362
512
562
500
559
474
484
475
500
452
504
549
520
529
553
512
486
545
470
487
547
519
537
571
597
517
560
557
507
499
490
508
497
516
577
504
590
466
486
462
491
491
570
591
559
501
513
501
589
566
512
530
537
533
496
568
492
527
494
577
474
503
542
512
552
558
490
550
483
567
492
523
482
566
574
578
493
485
497
548
552
550
513
519
575
547
520
557
518
593
466
526
493
574
522
563
516
557
506
566
648
591
561
519
515
572
577
553
564
518
510
542
558
484
488
587
592
569
594
523
479
513
565
535
526
491
604
509
595
502
601
557
540
554
607
483
557
517
521
539
524
510
466
574
503
474
548
474
495
625
503
500
565
613
520
505
572
510
503
499
576
588
495
479
532
601
522
568
468
496
572
562
535
586
575
609
508
531
501
569
518
608
564
483
553
481
557
506
579
592
507
565
532
594
569
507
495
583
557
518
11189
549
525
501
589
540
538
581
503
481
514
525
590
612
528
510
497
516
498
502
475
590
481
472
491
551
567
499
557
572
507
546
553
597
574
506
597
546
518
554
542
504
554
511
514
509
553
476
490
524
581
517
512
522
575
495
505
516
531
493
477
476
472
594
521
542
557
607
511
510
489
534
545
539
538
501
478
540
573
579
516
474
492
503
501
502
545
546
508
508
595
557
590
451
596
515
495
486
533
537
11211
604
544
517
515
530
590
513
610
559
560
503
496
571
493
530
494
520
603
617
500
501
467
521
512
487
616
551
514
601
521
532
573
574
535
538
513
508
552
523
592
584
577
457
497
516
586
512
566
617
531
489
495
605
523
491
533
607
607
658
514
542
556
590
524
503
543
516
556
534
543
492
479
515
512
550
514
615
469
607
553
470
592
548
489
575
562
538
550
482
564
649
524
557
569
533
525
580
545
603
11188
589
614
570
560
587
500
523
556
573
477
557
554
557
504
540
537
594
492
503
533
539
545
532
516
521
482
500
496
501
462
513
507
505
496
512
505
517
559
585
507
532
547
585
569
555
580
565
563
596
530
509
521
541
519
569
488
616
552
578
579
574
587
569
568
544
583
604
507
551
501
593
541
520
588
547
539
559
486
553
548
495
544
582
500
530
574
535
540
489
607
487
512
495
481
519
525
507
498
585
10960
575
531
534
511
518
499
558
570
590
481
520
497
531
455
529
489
567
554
454
473
514
487
490
558
510
508
495
488
474
515
523
494
518
524
487
494
504
591
554
512
504
541
567
538
554
527
487
497
508
512
576
578
554
556
524
509
538
473
539
477
552
560
546
578
472
514
534
575
554
497
484
467
475
460
469
490
451
459
519
590
503
550
508
572
500
519
507
577
549
549
496
575
508
532
493
499
559
503
547
10793
569
572
521
517
506
589
546
589
556
568
598
560
550
582
533
515
509
579
497
595
510
539
519
506
531
509
515
576
536
529
611
582
519
521
630
507
492
562
472
516
561
547
588
476
517
534
536
515
517
575
582
481
515
532
478
500
603
592
568
619
576
579
550
598
588
542
557
492
488
574
573
494
591
530
555
640
517
564
607
530
504
485
505
608
574
537
507
508
501
519
545
498
536
548
577
486
547
524
500
11402
646
593
615
546
538
528
594
516
542
620
516
521
521
510
623
590
627
593
481
544
517
483
507
513
506
510
522
496
572
590
502
564
514
590
607
489
492
579
513
526
545
538
578
506
496
593
542
500
514
495
622
538
537
495
513
521
590
578
537
548
534
517
527
510
573
602
587
582
539
568
511
540
567
565
501
518
520
579
597
611
527
505
538
523
562
479
518
542
532
505
545
537
578
539
539
518
518
530
605
11161
567
559
519
599
588
556
570
590
519
555
516
493
515
508
572
604
579
576
542
568
483
550
522
583
523
603
581
580
557
512
535
602
571
545
516
481
577
511
530
558
521
585
511
544
526
489
568
573
538
504
489
535
529
554
469
578
514
497
560
573
506
561
590
564
604
519
565
525
554
465
504
514
581
517
503
559
513
559
522
481
557
553
556
650
480
529
577
584
598
559
569
545
559
536
495
539
567
513
523
10880
562
515
583
537
589
513
563
504
491
522
542
609
510
465
551
478
531
566
499
517
581
485
574
497
590
472
589
590
539
571
522
482
513
523
576
507
611
569
539
518
571
550
517
553
562
615
513
502
505
513
539
505
586
506
573
535
589
589
621
584
606
488
616
562
519
585
581
535
574
554
518
611
516
608
512
575
578
573
482
506
579
530
508
529
538
499
485
571
550
543
532
613
600
538
513
538
555
594
540
11288
561
558
516
535
569
588
590
491
590
514
549
580
525
528
574
569
510
518
651
530
622
552
551
624
505
467
519
527
669
542
584
550
513
594
581
532
627
596
491
523
513
523
547
474
520
524
583
562
519
632
538
520
512
556
574
564
616
590
539
595
546
532
553
602
544
497
564
609
517
552
501
590
535
560
603
579
571
523
539
535
621
540
537
514
539
542
552
714
585
563
541
1088
517
632
637
569
518
520
524
11489
589
654
573
599
1187
514
474
573
552
545
573
503
543
649
540
636
591
1053
535
581
626
535
539
601
587
609
595
635
589
563
615
535
586
537
599
611
525
548
592
551
616
553
534
596
593
522
557
525
1040
573
550
500
534
602
471
465
1073
509
574
537
524
587
514
507
480
704
502
502
511
580
530
596
553
519
736
605
517
515
538
522
730
535
504
634
650
669
590
524
631
565
526
828
518
564
543
550
508
595
508
11383
1093
584
600
594
601
529
562
601
565
518
522
624
567
618
588
589
510
519
683
590
571
539
517
570
616
836
487
510
477
538
540
473
524
1076
533
519
490
536
511
506
614
826
631
599
509
503
559
485
594
556
575
546
493
552
506
492
523
520
585
983
568
546
581
621
585
512
566
975
564
530
561
470
627
476
553
575
1038
475
492
495
587
506
579
505
517
561
560
485
565
562
551
610
611
594
528
583
591
648
492
11314
517
528
515
606
690
523
583
580
594
601
533
542
560
579
564
606
521
512
566
609
524
469
519
526
527
477
477
496
488
547
493
504
516
545
484
531
499
494
836
585
568
505
477
538
516
503
596
768
584
532
495
526
501
519
519
542
772
489
481
576
515
554
573
504
486
969
513
487
504
489
529
516
528
579
1054
559
517
537
502
550
565
540
524
564
500
597
586
543
515
516
503
491
610
505
593
577
625
610
535
11059
524
574
575
516
547
476
516
528
598
509
532
587
592
599
536
527
568
546
498
471
520
527
510
517
553
523
603
851
571
516
516
491
498
515
521
502
973
590
569
543
615
551
578
593
926
560
582
527
537
612
491
599
602
597
644
610
501
542
526
552
563
546
630
529
572
549
548
521
518
561
473
659
538
631
531
478
613
610
539
1136
604
526
475
578
525
484
552
486
661
519
558
514
514
520
603
574
561
673
517
11551
564
556
612
494
1085
569
560
504
504
596
566
535
1040
490
600
494
624
512
610
515
551
523
550
545
536
491
569
578
542
515
559
561
562
574
575
497
593
562
566
1017
562
590
545
537
507
567
581
1112
477
510
574
629
610
571
569
1062
514
496
533
7380
539
505
505
510
510
501
528
534
546
566
560
497
499
508
509
521
537
513
505
505
512
496
497
535
532
485
509
526
516
523
524
540
536
513
455
557
532
511
533
11095
508
480
461
502
514
533
567
514
544
521
506
524
508
466
464
567
495
507
553
488
539
511
557
518
518
461
489
555
538
515
503
495
522
549
509
509
517
521
499
513
488
566
552
493
487
457
450
502
564
504
516
510
464
517
511
574
525
463
555
503
500
478
501
484
541
542
487
591
525
547
489
514
483
484
531
559
541
567
476
482
497
504
475
543
485
458
502
491
507
532
511
558
511
516
554
536
503
515
491
11183
590
532
544
500
483
472
779
469
485
567
520
568
484
522
535
576
512
544
556
530
539
543
497
505
566
535
516
524
581
498
497
499
506
475
523
573
551
531
498
544
476
489
536
472
515
591
516
531
501
580
485
549
504
493
520
495
554
555
532
561
543
584
545
504
546
511
489
534
501
498
591
560
499
512
507
600
558
612
528
594
517
575
517
570
551
457
464
498
485
521
509
532
1059
522
497
550
553
505
462
10955
528
507
514
501
471
492
475
515
495
498
546
569
517
519
470
474
506
557
493
520
470
500
539
514
587
510
489
513
550
486
722
595
580
542
520
511
571
494
500
507
507
493
475
493
597
494
589
498
509
577
494
503
494
557
471
528
585
519
810
498
515
548
487
482
489
562
485
451
475
453
489
522
532
594
491
548
528
572
587
521
549
556
473
585
555
510
506
504
499
521
605
524
564
521
526
489
461
535
553
10654
612
509
569
520
497
610
509
536
496
511
485
474
463
528
505
487
519
500
515
573
528
581
558
517
538
541
519
566
512
535
506
486
466
468
482
471
503
590
535
505
482
496
504
507
547
509
529
512
486
497
498
514
488
518
525
519
502
549
536
507
514
503
566
521
497
490
509
551
566
498
520
492
517
513
566
535
509
508
543
508
512
479
503
488
535
604
513
476
488
590
515
482
509
520
532
520
493
559
534
533
505
521
543
490
520
522
493
566
654
524
506
605
550
505
466
511
505
517
497
530
532
479
578
495
496
535
492
505
576
548
504
548
468
460
501
511
582
514
503
514
500
513
476
523
533
523
504
501
523
604
498
487
582
550
497
523
522
513
514
486
475
545
506
574
513
619
590
524
492
503
497
758
599
477
492
525
500
497
476
557
495
521
498
533
495
514
546
536
567
514
495
495
504
505
630
472
498
499
514
11371
594
614
596
11213
471
504
567
474
556
484
491
579
490
492
499
505
506
501
489
501
481
510
483
475
472
513
542
507
468
472
498
477
500
503
533
498
581
511
489
527
504
511
527
486
487
508
497
506
477
496
489
558
518
482
494
515
522
514
468
575
503
518
521
568
515
603
486
519
499
575
587
539
486
529
582
496
508
510
563
11546
534
585
473
11462
501
496
461
500
504
569
488
503
500
505
503
527
532
520
501
10663
505
477
575
479
509
459
579
515
460
504
452
526
503
481
504
520
497
490
554
488
563
504
477
500
484
484
463
518
557
468
479
493
480
498
480
502
512
477
498
551
479
554
559
498
514
528
480
553
548
482
480
497
490
595
682
484
547
496
499
480
502
507
482
486
480
504
522
478
496
487
443
479
465
506
518
490
450
509
496
480
484
484
565
487
486
541
542
460
478
492
489
478
453
502
477
781
464
492
547
10813
456
540
547
11293
540
513
533
497
497
470
517
486
524
550
582
594
561
500
593
460
535
451
447
515
505
608
516
516
498
535
488
475
582
491
576
499
469
542
492
549
557
500
516
475
571
534
502
503
500
498
462
461
525
500
463
454
543
578
586
434
519
465
455
469
553
476
523
469
489
497
487
440
520
508
600
488
499
555
500
525
441
468
541
465
514
507
554
501
505
436
489
471
541
463
466
502
500
580
470
11192
573
506
542
555
548
501
516
488
490
489
545
469
613
504
497
537
501
465
505
503
502
499
489
492
526
493
505
499
588
471
460
518
478
480
506
508
460
493
498
502
500
496
524
508
473
484
532
522
499
544
535
545
482
506
509
527
536
520
475
508
544
467
501
494
492
498
509
468
475
557
594
491
613
592
499
585
513
459
500
470
519
495
494
506
475
503
467
475
530
485
477
471
457
508
517
491
538
490
523
10609
502
556
533
493
582
473
482
3934
547
579
520
497
568
499
508
600
574
491
547
543
463
532
555
520
502
477
550
509
506
598
474
511
506
520
501
504
508
516
468
516
564
494
602
508
476
565
603
511
602
506
525
474
499
568
477
504
522
553
561
482
574
549
477
505
498
480
557
538
533
583
550
509
552
509
507
575
500
498
473
501
492
489
507
584
588
486
474
591
495
465
554
476
484
518
520
467
480
507
540
11147
602
567
532
468
500
510
504
522
527
469
520
467
500
605
566
504
527
467
604
496
511
621
515
506
563
512
486
505
584
561
509
464
505
603
512
501
512
510
619
615
507
597
515
494
501
502
478
475
481
599
561
464
512
629
503
489
495
481
540
511
603
514
510
514
506
506
509
494
473
582
525
554
516
503
500
580
470
592
550
506
508
596
549
527
513
576
507
511
559
497
598
627
602
489
602
599
529
500
493
547
522
478
488
531
606
466
594
586
495
490
489
470
548
566
499
457
573
505
514
464
507
505
513
493
567
503
499
508
536
493
499
499
517
550
539
530
498
551
526
541
481
470
486
466
498
512
496
533
561
504
533
506
502
474
538
495
521
488
591
487
596
491
488
499
516
486
505
495
525
494
593
574
583
612
518
489
523
538
530
500
524
515
527
485
496
506
538
574
543
571
510
538
540
507
455
519
588
493
558
10615
558
512
535
490
486
488
471
571
489
564
476
484
483
568
478
550
576
461
509
483
547
600
492
479
493
539
480
553
525
458
468
466
479
473
503
559
469
476
484
507
483
487
475
471
578
492
478
478
468
481
577
584
537
466
476
446
482
496
478
485
566
506
570
577
469
559
452
489
551
547
448
487
488
501
565
481
544
474
500
479
480
466
468
473
480
457
543
480
478
484
544
451
553
490
481
462
529
496
563
11053
567
552
532
504
519
539
501
493
521
498
536
496
523
509
455
499
524
516
507
583
515
501
492
500
535
514
494
494
471
488
561
513
615
508
500
464
553
510
557
556
469
543
519
488
567
510
490
514
466
570
462
521
546
506
529
563
522
489
501
517
555
516
599
582
526
528
587
506
484
517
571
494
507
602
481
507
519
597
551
511
578
531
501
502
500
537
491
596
585
498
585
564
586
589
591
506
511
530
598
11432
605
543
457
504
495
504
517
566
497
527
479
594
573
480
524
582
508
522
587
593
579
570
493
527
500
572
582
518
569
518
463
495
491
488
511
534
577
541
560
587
605
532
565
455
503
497
520
488
482
490
495
483
498
506
528
506
533
581
578
509
506
492
572
500
590
506
589
474
479
497
513
613
571
479
496
512
492
495
579
534
523
555
513
521
523
506
525
565
504
519
513
537
510
574
523
605
554
522
576
10945
569
545
504
488
573
573
503
577
526
496
556
591
504
501
498
453
497
563
473
604
553
600
583
511
587
544
596
607
532
604
590
549
534
528
581
619
556
633
539
489
620
572
584
592
519
582
474
518
514
507
507
512
523
532
496
553
591
467
570
515
530
515
475
501
530
526
574
507
620
566
542
577
527
501
583
506
621
495
575
503
591
500
479
569
533
470
601
553
515
494
492
501
529
590
567
587
495
559
571
11037
495
475
570
524
465
507
504
573
536
499
463
479
590
495
489
513
481
570
475
475
485
547
544
486
466
536
487
483
464
491
551
483
491
508
496
492
527
479
486
556
587
447
531
479
495
478
495
533
565
572
505
579
494
541
519
576
477
535
519
569
473
480
579
547
554
564
511
487
486
506
500
557
493
509
513
499
575
540
492
554
457
517
502
473
451
551
488
510
477
491
495
522
477
549
478
485
478
514
491
538
469
563
507
520
584
618
523
564
504
533
493
516
498
481
509
539
550
578
532
602
545
557
550
582
506
574
495
613
539
516
530
502
495
507
519
500
530
541
583
479
471
517
510
483
501
570
523
538
500
497
503
545
518
587
530
528
501
580
544
526
502
526
540
603
513
590
505
498
512
595
620
527
587
548
526
480
502
478
531
588
512
586
472
535
496
498
523
506
569
588
507
525
518
573
544
494
518
512
500
11249
592
527
566
10695
557
537
536
527
599
546
536
511
579
570
587
532
491
500
574
575
506
526
594
510
509
508
533
486
585
528
527
566
503
542
573
488
565
476
543
573
464
523
474
501
543
564
527
528
638
479
575
533
550
563
475
526
506
559
517
479
586
574
540
599
591
533
537
509
527
570
543
482
469
561
500
579
498
455
494
565
583
530
511
596
639
532
508
504
514
513
491
516
525
534
503
585
483
469
485
11415
540
554
504
498
469
495
500
543
474
518
504
474
495
505
461
492
508
442
482
488
513
472
487
484
591
487
451
578
497
475
495
485
466
495
493
523
492
490
518
506
488
534
498
543
501
553
549
545
508
577
482
557
477
553
522
495
494
525
493
528
532
553
495
572
466
580
499
542
492
523
561
546
500
566
464
478
501
497
488
574
504
522
511
499
448
540
483
510
476
541
473
472
557
526
483
476
537
511
556
10904
605
517
586
540
623
493
512
562
511
495
569
489
581
541
488
539
548
468
534
513
502
493
564
497
533
564
490
501
532
499
588
554
604
499
497
475
511
506
548
617
507
587
510
507
504
504
507
546
483
556
464
557
492
492
505
522
510
559
516
595
470
581
513
595
503
508
495
475
540
485
465
522
625
527
597
511
526
519
521
519
480
589
512
511
488
505
491
536
504
519
514
539
507
513
471
586
575
519
513
10721
500
572
503
570
611
516
494
547
506
513
512
557
496
529
502
503
510
538
465
496
514
504
567
579
580
497
577
517
539
558
534
489
579
531
516
601
512
572
498
519
492
508
511
504
495
509
496
482
497
504
474
662
507
503
517
516
569
503
503
495
488
503
488
562
500
532
497
503
492
497
518
515
495
518
485
563
590
497
596
515
521
526
504
568
464
476
461
532
553
507
503
574
500
585
472
535
574
489
473
11655
498
472
480
463
542
569
515
588
475
510
596
513
494
572
554
619
474
563
500
566
558
501
503
604
469
494
475
516
514
527
491
523
502
581
501
536
497
579
500
612
485
579
460
539
499
589
563
540
503
582
546
592
534
568
528
491
524
464
505
511
513
533
530
565
509
527
583
549
477
564
495
497
493
537
495
507
476
514
486
513
496
570
623
563
491
526
643
548
584
512
528
512
500
537
494
546
600
567
504
11087
561
496
480
543
524
548
497
467
510
583
492
470
527
517
496
543
564
523
472
574
485
503
511
487
498
560
567
498
504
499
536
502
497
499
503
508
454
494
491
543
595
496
607
492
507
483
553
502
567
510
571
509
604
569
523
594
572
583
559
595
473
504
546
523
497
572
450
481
539
503
502
489
511
562
575
512
517
499
553
492
509
522
479
598
506
526
502
575
580
468
499
544
501
495
544
485
466
580
498
10842
589
497
576
475
499
593
541
514
508
571
544
483
580
498
589
524
502
500
562
502
554
504
487
504
501
504
546
482
500
523
534
550
514
465
605
507
498
562
498
471
611
518
577
497
570
539
492
509
609
522
564
517
511
539
461
508
603
515
561
529
463
593
483
535
521
489
490
529
575
619
463
560
485
493
480
601
532
605
501
551
486
469
494
595
574
573
493
518
566
583
459
496
508
515
486
559
492
524
488
10987
473
500
489
467
577
509
468
518
469
464
542
511
498
544
488
450
483
492
496
483
451
450
492
534
538
493
495
492
500
499
489
472
595
495
499
514
493
486
449
519
549
567
480
506
482
558
501
479
459
575
503
469
494
478
500
482
452
509
482
461
503
465
498
459
479
555
518
532
481
478
533
482
492
540
513
568
464
487
547
544
465
571
479
548
503
489
487
480
488
552
491
603
478
569
516
462
526
489
477
11115
504
557
583
490
511
574
488
502
554
492
511
513
488
586
491
484
466
503
521
517
484
473
471
537
462
481
481
457
495
483
507
491
495
482
529
500
471
602
515
490
496
606
509
477
508
474
509
514
466
484
503
575
498
504
506
552
567
468
572
475
553
471
573
462
494
508
456
578
497
500
493
527
497
507
517
591
542
501
562
513
515
468
515
539
508
500
502
524
548
513
472
521
606
502
514
545
504
477
534
510
496
485
505
610
481
587
490
522
554
604
462
530
605
498
497
508
540
495
492
492
509
568
491
551
511
487
515
529
514
517
488
485
477
477
559
538
491
482
496
473
474
507
491
552
518
500
568
482
517
489
477
525
504
467
501
512
496
513
574
453
508
503
491
482
460
502
605
542
503
494
539
473
612
617
562
511
537
499
541
504
589
519
589
576
497
544
586
579
502
596
496
613
580
490
568
482
504
513
513
11265
531
493
541
499
527
531
486
446
595
444
484
588
571
489
559
500
493
493
570
468
474
492
511
451
470
546
484
547
490
490
484
467
512
500
550
457
566
508
501
491
566
476
582
500
488
565
521
464
494
470
589
469
540
502
601
537
610
470
515
484
587
453
540
464
528
476
575
478
573
468
490
506
508
487
602
454
448
485
492
535
534
462
572
593
505
499
509
583
517
495
475
486
486
474
565
509
458
521
495
11144
489
566
479
513
541
486
503
528
511
565
583
462
462
578
528
561
495
484
489
473
484
488
503
513
472
487
514
511
520
500
464
549
467
547
513
473
471
501
480
464
456
504
473
548
491
489
492
514
458
523
499
466
485
502
465
510
485
509
479
483
523
548
473
496
524
561
449
483
476
477
486
503
542
533
498
488
451
577
577
577
638
522
518
503
497
489
488
494
574
561
484
443
509
485
483
493
477
488
477
11334
478
519
473
541
509
503
479
512
490
519
520
499
587
487
533
481
481
504
539
462
463
505
512
508
543
571
523
494
591
493
603
597
499
654
508
511
533
464
478
459
491
548
470
625
501
504
585
516
503
536
522
573
535
519
504
513
506
563
516
513
511
571
457
485
548
609
505
503
483
512
505
499
533
540
502
502
514
517
462
566
474
494
492
523
514
514
573
512
612
578
525
509
519
500
672
568
509
487
588
11152
495
631
590
521
567
599
497
490
616
454
515
510
483
510
537
573
483
580
556
501
503
501
509
592
475
482
552
479
533
594
517
544
558
526
500
528
495
495
592
510
486
573
563
490
484
539
506
594
497
576
512
488
516
566
479
570
505
485
597
591
454
529
488
448
515
509
468
521
511
492
584
545
567
545
566
504
589
539
472
582
497
468
524
520
571
561
512
508
602
555
490
572
497
535
537
542
506
494
509
497
503
496
518
475
463
513
627
577
561
536
619
575
507
599
532
566
525
497
608
560
533
563
571
526
610
596
583
518
513
563
509
512
478
507
557
512
557
521
586
561
557
503
549
487
503
611
540
555
563
597
476
515
535
516
581
483
489
568
569
511
544
502
513
531
566
539
520
575
549
558
611
480
555
568
548
517
515
496
517
498
455
497
523
501
463
557
552
565
512
498
498
502
576
492
536
567
605
504
485
12009
530
512
618
479
546
565
618
617
568
514
512
503
614
509
565
510
511
537
559
507
605
545
618
521
564
511
508
506
553
564
504
553
530
589
529
572
503
594
507
524
544
497
544
494
480
493
485
571
537
595
526
513
582
508
504
611
538
504
493
475
584
533
507
609
589
497
561
581
536
566
571
523
538
467
512
490
619
469
500
515
540
588
532
538
512
512
531
493
582
622
502
587
599
507
569
522
507
537
508
11132
482
551
481
534
556
11269
583
515
511
504
496
477
567
491
462
588
502
502
520
474
475
512
479
539
474
601
567
520
525
483
492
472
478
449
516
516
515
506
578
476
497
481
480
489
461
501
581
509
558
10951
526
542
524
507
509
11300
568
486
577
494
580
540
519
515
497
462
508
486
492
498
450
515
556
510
511
558
566
505
570
532
509
509
561
480
496
482
517
525
567
506
593
484
500
551
498
493
487
539
494
10408
565
528
484
487
480
530
518
491
550
492
573
494
554
513
611
516
489
501
498
542
568
506
537
487
500
554
567
564
509
540
622
499
495
562
528
549
575
534
474
524
593
551
485
519
506
552
602
560
527
545
540
527
483
528
555
589
489
483
577
518
580
568
505
494
518
538
575
577
530
578
490
550
583
492
524
503
520
577
540
582
551
492
530
522
528
505
606
579
493
541
464
526
520
493
548
513
521
488
501
11527
515
499
513
504
523
522
501
500
493
498
499
510
501
477
545
537
518
507
500
567
488
490
603
509
503
484
551
480
581
519
606
505
470
503
558
606
504
486
556
479
522
508
507
503
527
505
606
525
505
516
501
499
502
463
500
490
552
484
502
507
469
537
463
502
590
538
538
471
579
509
591
506
591
560
557
506
504
468
511
597
592
525
504
542
498
502
474
512
459
550
513
581
510
486
466
501
533
631
598
10709
584
565
608
11267
536
595
495
474
530
595
497
495
504
531
542
472
499
485
494
519
569
544
560
481
530
531
472
539
531
481
518
553
519
561
492
522
494
507
448
527
570
495
504
567
512
507
569
550
518
467
561
503
491
483
493
519
474
502
505
573
512
549
585
534
511
512
513
505
540
514
551
572
545
569
500
526
513
512
561
512
517
455
503
492
510
484
561
482
577
502
460
507
474
462
490
492
503
613
503
11100
547
477
510
497
516
473
546
11340
521
472
529
506
527
545
621
475
516
519
604
483
577
522
594
554
507
526
536
571
620
591
580
616
473
556
512
487
522
506
495
546
518
494
606
543
519
591
518
526
588
533
573
535
571
504
594
511
544
465
514
509
532
493
463
526
585
525
462
483
560
508
527
523
537
563
509
475
500
521
518
491
530
619
509
487
514
502
538
510
508
559
501
582
572
484
505
518
510
511
587
11021
494
547
490
495
530
466
593
507
564
484
483
453
446
564
486
482
503
490
469
451
562
496
495
560
481
461
546
498
506
523
542
508
518
573
475
478
455
506
520
484
482
502
552
483
525
496
569
535
489
492
465
594
487
474
487
491
501
482
484
444
555
493
537
463
508
513
509
443
474
482
539
474
486
492
495
475
595
486
482
475
488
470
510
479
492
466
485
535
529
541
550
490
552
599
462
488
474
493
525
11434
588
534
586
511
547
588
554
565
643
610
517
464
521
495
557
547
541
491
498
535
511
494
584
497
595
513
497
527
531
510
540
521
518
529
549
601
494
536
570
603
546
520
601
602
573
564
563
522
545
519
516
498
497
477
504
559
531
576
503
497
508
511
497
503
539
502
537
515
511
506
538
465
497
502
532
522
520
484
499
492
531
564
573
526
572
574
559
499
639
521
534
531
473
579
614
527
587
497
540
503
590
589
519
505
498
498
509
506
569
463
537
511
533
507
573
486
589
524
564
510
553
463
518
594
588
627
569
591
454
510
622
573
613
506
586
510
538
511
517
508
572
492
539
496
507
496
588
541
555
509
580
511
569
492
489
553
468
495
606
545
516
519
520
527
461
487
525
550
517
505
507
507
497
494
573
543
526
466
602
519
511
470
489
508
521
474
497
498
555
528
576
520
528
623
554
566
505
503
478
11003
565
522
490
516
547
493
522
547
583
550
502
474
495
486
568
533
566
514
546
479
487
504
501
490
501
510
587
502
539
501
534
509
574
550
530
509
566
540
589
579
511
507
609
526
508
528
504
499
521
606
502
590
474
516
497
493
533
529
524
569
589
508
500
559
584
503
582
561
586
541
507
514
605
501
527
507
605
494
533
523
527
507
549
505
595
566
573
565
542
503
528
508
489
597
469
509
501
536
494
11005
536
521
502
513
489
513
518
492
493
537
584
605
516
482
572
581
572
496
561
529
545
552
531
494
574
580
562
508
519
484
518
494
495
527
485
532
493
526
516
566
502
527
556
524
570
500
553
556
512
497
507
548
564
588
553
520
570
510
562
620
520
489
553
515
443
477
551
535
532
545
480
507
600
487
543
501
536
502
498
453
514
493
449
488
485
502
521
569
486
493
521
479
568
551
462
496
502
515
567
11155
558
551
546
609
512
575
515
541
551
479
608
516
498
473
505
504
596
562
610
511
508
572
502
592
506
542
510
570
545
492
507
503
575
570
553
494
514
533
594
535
518
499
498
542
474
498
572
498
607
568
557
602
504
547
609
583
518
501
573
616
573
589
495
512
511
497
504
508
553
523
535
545
535
480
516
502
502
496
515
523
486
509
514
505
506
557
507
534
500
612
585
574
519
561
502
503
544
520
507
11267
491
582
552
518
505
596
503
494
500
582
503
508
536
520
500
528
495
507
603
496
495
506
508
586
557
579
497
579
553
500
559
505
516
578
518
516
528
558
477
491
510
495
552
519
499
534
511
500
520
584
603
541
521
502
504
514
495
487
478
492
573
578
497
582
567
481
516
517
613
533
597
583
513
593
469
509
615
528
543
552
520
505
574
502
543
616
572
506
585
513
569
488
582
546
498
506
507
564
524
10820
574
484
583
504
491
504
496
487
582
495
497
490
499
496
547
586
496
520
630
497
566
550
465
536
572
526
484
504
497
480
544
522
512
509
489
596
470
563
487
497
474
498
466
485
504
489
472
515
578
566
501
605
580
479
520
482
587
506
584
463
492
500
491
579
598
499
543
514
552
587
538
497
498
587
507
572
605
576
522
606
503
500
495
494
498
505
503
539
558
542
596
534
580
459
534
486
481
533
567
11240
495
504
573
568
531
499
539
507
515
522
509
530
547
500
496
591
604
526
597
532
520
572
525
566
552
518
528
552
572
508
509
490
537
548
610
563
617
610
496
534
503
497
578
500
563
482
512
508
534
475
643
552
585
591
584
515
523
589
578
567
533
532
503
470
461
517
507
591
555
522
492
594
591
475
516
545
548
608
538
517
500
514
520
531
531
491
662
598
482
602
523
502
625
532
532
561
571
570
590
11085
528
511
533
601
473
521
505
537
511
523
521
537
542
508
572
502
571
460
510
531
562
473
525
515
584
547
542
500
516
543
587
471
571
540
519
509
584
508
606
500
588
518
557
502
634
558
498
526
546
501
590
509
497
530
525
500
499
518
593
478
514
530
602
513
546
631
542
483
502
506
576
538
519
502
548
533
585
471
587
504
569
531
506
528
550
584
639
625
479
511
576
586
598
511
505
494
563
609
494
11015
594
508
500
533
529
500
586
524
504
565
549
612
472
522
481
597
485
521
579
535
530
604
583
538
529
511
500
542
531
481
516
508
460
504
618
583
535
505
522
518
549
494
501
517
509
567
587
483
510
508
564
504
481
606
547
587
584
553
554
514
562
593
498
485
503
491
617
552
564
586
521
523
585
593
489
518
532
505
508
511
514
508
565
477
550
574
524
517
523
506
563
493
499
555
610
522
529
507
542
11040
489
530
534
516
566
501
587
514
518
466
610
478
517
514
554
555
569
506
518
506
503
504
602
580
535
505
527
471
505
494
509
623
591
609
521
572
567
506
546
522
493
464
510
493
530
539
493
491
601
499
494
538
491
550
561
525
518
591
502
533
588
588
507
585
554
583
571
606
582
551
512
605
530
501
510
505
535
565
506
485
593
588
496
538
525
585
521
548
480
540
464
504
486
503
481
537
491
473
505
11047
498
525
589
457
512
493
537
546
563
506
518
554
594
544
572
558
571
508
543
505
559
626
508
510
503
474
467
514
572
515
492
506
510
484
503
550
548
603
513
484
576
498
547
467
548
498
539
516
501
501
504
489
563
507
615
506
559
615
486
503
539
463
512
472
514
516
549
500
521
457
573
492
548
601
476
471
560
502
506
548
540
503
525
584
479
584
490
505
549
534
526
503
549
503
502
486
615
482
566
11453
510
507
536
501
508
497
525
615
509
512
544
481
501
500
584
504
587
480
514
520
596
650
541
541
561
577
585
530
550
641
623
535
523
506
536
631
611
577
560
558
519
497
506
503
505
506
601
508
550
504
568
504
550
612
524
498
508
554
587
528
539
535
620
528
595
511
515
569
545
535
552
500
502
523
598
469
523
512
520
599
587
533
555
512
503
511
559
508
548
523
569
538
584
482
595
593
506
526
506
10902
543
500
598
585
575
528
525
511
505
491
563
504
618
546
477
530
502
499
553
585
568
562
509
565
589
510
588
576
534
558
541
514
565
549
566
616
514
530
496
509
507
488
504
542
510
550
505
533
591
541
577
500
535
522
559
501
613
518
574
591
579
524
517
567
581
508
456
467
564
538
458
521
526
468
483
566
513
519
533
491
575
532
497
505
593
534
543
491
518
547
545
502
521
511
574
527
479
497
554
11267
509
520
483
489
519
479
511
489
457
480
478
563
554
470
514
490
515
501
520
479
460
556
487
474
484
462
552
492
551
563
501
519
502
456
488
544
540
484
514
582
483
439
483
488
494
484
473
480
575
483
483
458
488
432
452
475
597
462
480
547
553
563
494
547
481
567
516
498
546
480
474
470
464
611
468
467
471
492
481
521
504
561
538
524
526
539
528
507
559
555
499
573
440
547
495
446
530
509
564
558
575
508
509
530
513
482
554
483
560
523
503
521
621
521
523
555
547
612
586
509
551
520
517
606
538
515
511
527
510
561
516
491
516
516
574
579
577
506
522
535
537
565
523
519
571
621
593
621
615
533
535
531
489
567
641
500
506
575
501
563
588
509
481
516
481
543
477
511
599
509
504
575
548
582
547
538
509
588
612
562
519
516
624
487
518
580
500
513
508
511
458
528
519
533
466
583
501
598
580
11208
519
588
596
588
580
501
478
526
548
526
503
580
532
510
547
510
506
517
577
529
568
515
602
500
521
491
500
513
468
484
521
508
522
545
501
560
528
525
524
591
538
551
495
489
553
537
511
471
509
511
552
553
492
566
496
463
503
515
499
505
495
502
573
574
501
530
582
589
540
505
499
496
531
522
611
510
546
501
503
489
499
504
525
472
509
482
591
535
603
517
552
554
501
559
611
502
507
531
497
11516
593
471
528
575
451
546
542
488
509
472
489
533
545
594
545
493
472
489
543
516
509
490
505
497
523
471
496
517
526
472
564
488
548
562
581
499
518
501
518
593
522
537
522
484
506
561
503
485
503
534
580
481
519
507
525
491
519
531
586
466
586
573
508
491
576
502
514
475
509
516
508
482
630
500
507
579
567
510
545
598
576
517
547
539
496
502
524
476
475
613
517
534
514
518
505
578
510
502
582
11078
569
499
580
542
588
518
556
603
617
512
559
500
474
483
525
510
528
499
517
562
562
524
564
533
526
597
508
549
526
476
492
491
488
516
495
490
509
515
518
494
599
629
564
473
515
498
502
503
524
498
599
499
534
474
531
522
515
487
600
453
549
524
583
452
505
491
543
530
490
487
546
493
540
460
462
523
598
566
576
479
478
490
483
579
574
513
527
589
505
497
520
500
501
495
576
507
554
511
481
10765
521
577
567
561
495
509
550
587
544
489
537
520
555
582
518
503
548
515
530
503
497
530
590
536
494
555
502
494
606
481
497
505
530
495
581
450
509
453
526
529
465
468
545
475
573
609
523
503
506
494
516
499
569
501
581
597
600
565
579
544
532
516
549
504
492
544
513
481
548
497
564
502
564
495
476
564
489
482
571
505
559
604
477
504
592
593
485
576
485
500
534
490
552
502
514
504
494
509
516
10955
560
516
575
563
529
582
508
563
515
497
548
530
543
520
515
540
512
555
615
518
530
536
572
547
570
608
531
526
525
573
585
571
533
540
538
601
562
480
557
498
503
506
543
501
592
541
535
539
483
480
607
517
509
538
514
592
584
519
565
589
581
534
519
558
555
498
516
527
510
516
554
523
609
596
580
563
534
483
507
540
510
472
604
501
541
499
494
591
573
532
525
590
618
530
601
596
557
543
561
11089
558
586
521
523
493
481
488
490
485
605
468
479
494
497
492
573
562
590
539
507
525
515
509
540
495
578
546
595
471
479
467
493
506
539
513
518
556
546
499
478
566
558
556
561
561
478
515
495
580
521
520
543
493
465
484
458
489
545
592
548
565
504
494
569
469
492
582
545
541
572
478
499
489
502
464
510
523
544
480
468
481
503
489
533
468
553
529
577
493
498
572
534
475
533
462
477
496
489
487
10949
581
561
488
585
544
490
507
561
593
511
537
569
531
553
562
568
510
480
530
529
505
503
516
522
486
549
518
565
491
518
492
540
517
569
555
590
470
584
486
486
490
579
483
504
551
479
504
486
559
482
550
513
548
499
569
492
479
494
456
542
495
467
493
514
533
557
492
485
491
517
511
487
554
465
535
504
520
487
471
533
525
491
588
526
484
505
559
491
512
517
535
482
538
585
492
485
500
543
583
10534
503
480
544
553
567
511
495
521
491
518
521
521
562
518
500
568
503
518
549
475
508
519
501
508
526
545
479
466
499
496
532
541
509
524
508
508
541
484
513
537
559
500
461
540
508
486
467
584
599
503
494
528
568
570
492
552
520
565
576
483
540
507
561
516
547
492
460
553
530
510
463
550
599
568
595
577
580
510
519
535
512
477
550
566
580
538
570
499
528
459
496
502
538
535
571
474
561
482
550
11902
510
502
523
501
509
493
506
475
490
566
525
511
499
605
466
489
510
536
563
483
515
580
529
549
491
497
511
563
516
518
520
586
559
502
518
551
536
475
566
492
504
549
480
599
580
513
543
610
504
505
491
586
510
503
486
524
500
478
609
483
559
503
498
515
567
471
510
516
504
489
485
558
525
505
516
525
510
487
513
507
507
543
512
498
505
596
574
512
545
511
549
485
522
541
532
595
506
519
583
11037
516
566
509
556
492
486
568
543
536
501
511
574
501
553
521
497
507
510
548
512
560
498
505
490
471
595
508
605
504
509
486
559
486
499
554
579
604
501
509
517
513
499
569
496
544
505
535
540
555
552
505
517
511
521
581
464
596
596
512
477
496
583
505
532
465
478
547
473
472
532
471
504
506
495
480
529
512
525
502
525
554
588
582
538
583
546
614
501
488
551
541
498
606
504
526
540
578
514
542
10987
533
514
529
575
613
516
509
512
516
525
503
511
519
512
523
500
529
514
493
586
568
506
594
560
582
496
512
507
533
500
522
508
536
588
506
519
526
582
536
520
536
494
524
494
526
509
508
506
481
506
499
484
599
515
530
506
498
514
517
508
501
550
494
596
539
587
530
486
500
549
515
504
496
567
496
602
530
544
568
502
591
498
532
504
525
587
566
557
508
548
519
518
490
511
547
509
507
525
523
11093
572
590
510
548
635
569
582
557
540
509
582
551
583
509
514
481
548
488
615
663
563
505
529
506
540
581
526
513
510
479
506
501
503
588
498
559
523
556
546
516
508
487
485
595
557
521
498
530
530
513
498
501
601
563
513
524
507
511
503
491
525
590
465
489
509
498
520
586
552
528
501
482
495
557
574
574
561
511
499
558
515
522
540
503
501
595
534
550
533
556
585
592
516
530
570
471
491
567
505
