Execution time (ms)
20503
21209
21260
21231
20744
20645
21196
22379
20214
20706
20961
21125
20524
22382
19015
21160
20991
21009
20812
20716
21061
20819
20730
21232
20374
20986
20978
20716
22781
21015
20752
20894
20156
21020
20754
21109
20893
21914
20657
20577
20521
19637
20136
20670
20237
21010
20466
20455
27591
21594
20591
20604
20486
19860
20553
20960
20446
20659
19939
20971
21127
20599
20344
20726
20451
22182
23011
19907
20767
20340
20674
20447
20662
20560
20804
20155
27336
21230
20733
21536
20848
20909
20397
20734
20190
19201
20099
19562
20281
20674
27542
20613
20490
26430
21216
20669
20013
22233
22007
25326
25533
23873
25012
25604
24635
28205
25828
25301
25539
25829
26215
26473
25790
25446
26460
30292
27458
25421
26724
24290
25215
25157
24944
26234
25236
24946
25809
24777
29664
26492
24360
24899
25425
25659
25257
25612
26358
24489
26020
20665
26219
25265
26595
24172
26217
19808
26596
25821
25856
25551
25599
29444
20934
35890
25240
25551
27440
25963
26441
27072
24894
23800
21120
27504
24172
28927
27131
25476
29356
37137
25955
26681
26767
14216
26374
33566
21317
27295
26066
20486
25551
25926
24983
26141
25469
25016
26215
26249
24466
25701
26216
26492
25584
20494
25160
20524
25889
26594
27397
20520
