Execution time (ms)
8541
8950
346
8941
8655
9074
8678
8576
9085
8708
9233
8754
8902
8852
8610
8443
10405
8730
8309
8637
8848
8430
7090
8745
8230
8530
8592
8870
8549
8740
8447
8521
8308
8589
297
8773
8442
8442
8725
8668
8361
8405
9090
8788
8393
8250
8613
8763
8607
8404
8439
8611
8702
3439
307
8476
8490
8752
8634
7799
8614
8938
8621
8778
8333
8711
8707
8282
8266
8874
8257
8848
8827
8504
8362
8988
8748
8721
8015
824
8861
8955
8837
8720
303
8298
8675
8504
8634
8463
8673
8545
8536
8149
8866
8524
8040
8597
8557
3270
