Execution time (ms)
23235
22314
22046
21263
22350
20904
21982
24163
21966
22063
25901
22891
21784
22376
21733
22784
22945
21542
22624
22482
23100
21723
22704
22301
22661
21753
22566
29054
22377
22904
23733
23032
22094
21888
22905
21642
23129
22155
22427
22692
21781
13610
22583
26816
22305
13096
28629
23709
22027
29670
22643
23821
27639
33095
22660
24631
22247
21402
21802
23118
22965
22337
23206
26824
23362
22559
40651
22330
22270
22515
22705
22384
21941
22172
29322
22749
22686
23191
22409
22710
22593
22457
23121
21507
28606
22102
28809
21896
21866
22868
24165
22684
21688
22375
21964
26273
22924
22803
22281
24089
