Execution time (ms)
14315
14260
14186
14229
14213
14273
13850
14158
13951
13991
14219
14215
14062
14288
14091
14186
14253
14028
14380
14079
14180
14268
14110
14245
14097
14229
14179
13938
14164
13998
14208
14097
14430
14197
14018
14391
13895
14129
14020
14318
14123
14008
14150
14010
14049
14260
14118
14101
890
14159
14177
14180
14239
14148
14203
13625
14240
14052
14065
14020
14286
13954
14147
13987
14172
13992
14191
14120
14194
14316
13072
14267
14207
14067
13993
14076
14014
14233
14182
14208
13506
14076
14287
14105
14172
14076
14192
14011
14008
14102
14036
14658
14147
897
14377
14030
14088
14480
14290
