Execution time (ms)
8349
281
374
300
301
298
326
298
298
291
322
295
297
311
277
322
315
314
286
337
318
280
291
300
340
281
322
270
293
305
301
313
291
280
307
275
298
287
303
290
306
283
290
300
296
294
298
320
306
313
284
288
264
281
314
293
291
315
337
309
294
291
296
255
292
286
306
281
266
282
316
318
278
280
306
303
289
289
309
295
274
292
290
288
286
340
268
316
295
277
294
292
308
303
299
286
303
288
293
314
8440
294
314
297
326
305
301
289
313
319
288
287
315
291
273
279
295
305
328
303
300
321
299
283
298
283
297
323
321
338
279
300
303
327
299
322
287
288
295
325
287
314
311
323
288
283
296
315
279
287
294
297
316
287
269
300
332
292
288
293
299
300
296
281
311
273
317
318
297
284
305
297
301
283
285
335
287
284
292
297
283
300
285
303
279
298
287
294
326
295
279
305
295
302
281
279
289
314
284
290
9074
285
303
280
289
292
287
286
296
298
311
297
285
299
317
323
293
3125
3161
3164
3138
3169
316
315
299
3139
3134
302
332
310
317
3141
286
297
322
289
327
343
301
292
310
319
306
3140
283
3124
300
310
334
323
273
3166
302
291
318
298
305
297
300
316
301
302
324
311
310
291
307
301
314
279
323
297
326
320
287
296
366
353
309
322
309
305
300
295
282
352
294
3136
324
315
303
279
303
304
332
297
314
313
3131
321
8725
284
297
333
311
320
314
313
295
277
292
272
298
313
283
312
294
303
281
277
293
275
289
286
294
285
303
317
295
293
292
296
302
282
297
301
285
296
289
284
294
338
289
299
275
312
296
267
284
289
285
281
3111
324
292
330
316
371
305
315
275
272
297
291
274
316
3113
3135
3136
287
316
3132
3132
271
280
3132
3115
3106
3141
3109
330
3132
3108
264
3130
295
298
282
280
273
288
3135
3131
3154
3124
3163
280
296
283
293
8185
311
285
303
304
311
338
316
312
306
298
322
293
319
313
290
292
327
362
350
335
325
290
287
344
299
303
296
293
312
320
314
297
299
277
280
291
297
285
273
284
301
306
305
310
321
3125
298
311
297
302
320
279
3129
3124
3115
285
296
323
284
272
3125
313
290
293
298
292
286
305
3114
319
3115
298
279
303
290
300
300
292
304
297
308
286
274
3114
3127
294
284
290
3132
304
292
3125
332
281
296
294
294
312
319
8638
305
294
347
308
322
313
300
316
293
3119
324
316
276
314
298
306
295
294
319
330
309
301
309
286
313
300
284
285
294
311
271
280
276
263
298
315
289
3119
281
278
304
281
308
297
305
304
314
291
302
3133
280
271
274
284
270
288
312
282
297
289
313
274
289
291
293
322
291
314
314
286
287
278
293
3120
300
320
305
285
332
297
327
292
291
271
287
304
314
3120
300
281
319
327
289
324
272
290
282
305
307
8413
289
302
306
345
314
312
309
333
316
302
308
287
294
322
279
290
307
305
294
353
326
308
322
305
271
315
288
350
298
293
284
289
308
341
307
307
290
293
300
320
303
284
3129
318
285
324
308
320
323
297
329
287
300
292
301
348
319
289
304
311
318
287
304
308
318
286
291
297
311
293
288
299
264
304
293
304
283
298
282
326
284
305
298
329
312
308
308
297
304
294
300
316
297
278
283
285
287
274
312
8917
282
303
290
276
274
296
289
299
299
286
282
308
286
273
258
282
318
280
280
292
294
309
300
290
300
320
307
328
281
324
305
326
295
295
276
300
309
301
297
294
304
311
288
325
294
291
303
309
285
338
293
692
294
295
299
323
277
311
287
296
287
278
285
271
275
288
293
300
302
294
312
296
283
317
278
283
287
299
317
268
323
294
280
325
289
315
307
341
267
304
308
285
294
288
284
275
306
329
303
8310
282
274
305
298
276
293
276
288
293
325
292
294
270
313
304
294
284
291
298
325
310
306
276
3111
291
297
297
300
266
278
309
299
273
289
284
316
269
265
260
283
285
343
295
312
281
285
277
295
307
295
280
285
272
283
274
277
260
251
274
261
280
271
266
3110
3134
3132
284
290
260
277
281
3106
3133
3136
256
280
3114
286
283
276
3127
300
272
279
306
283
3131
291
272
248
3132
287
288
285
315
292
299
3126
316
8768
332
289
292
325
354
311
281
283
278
299
277
3118
331
274
309
325
309
321
295
274
303
320
333
329
317
319
312
316
311
285
272
368
3125
3131
305
301
270
3136
288
306
320
317
325
300
290
268
319
326
319
355
334
295
288
316
287
285
292
311
307
295
304
309
308
304
298
322
290
288
281
292
326
298
315
297
302
287
307
312
344
308
299
295
286
3120
272
303
302
297
308
359
277
304
277
300
302
301
285
311
319
7017
3145
277
294
296
292
281
293
277
286
295
335
313
298
313
325
3119
329
299
3135
3142
3114
3135
288
292
316
316
306
3140
294
359
307
313
315
328
319
3184
277
286
297
3120
284
306
297
287
3162
301
314
288
296
288
294
263
285
298
310
284
301
310
3126
318
283
316
299
304
356
309
298
270
281
282
312
299
272
329
287
307
321
310
325
288
300
263
334
285
291
302
302
297
303
318
296
353
310
295
295
301
294
293
304
8681
251
296
3109
302
300
314
294
359
292
312
307
3110
293
306
347
288
292
299
320
281
303
330
324
302
306
3122
291
280
277
297
268
313
290
281
286
284
3109
299
294
271
266
295
294
296
286
299
286
307
315
3126
276
274
290
288
269
306
280
284
314
277
300
297
286
294
288
305
287
304
286
304
306
302
291
337
300
288
317
271
287
8468
268
280
292
293
310
3136
300
307
285
303
291
299
317
299
296
300
321
287
300
8690
187
820
3121
309
278
304
339
330
315
312
317
296
322
334
399
320
291
330
308
320
331
293
301
306
275
305
312
301
309
334
296
301
349
314
344
302
294
319
306
787
312
362
297
354
3129
292
315
337
301
291
295
295
327
348
294
319
301
289
292
3120
304
332
309
347
3131
316
308
303
299
312
322
309
303
311
321
287
315
280
331
310
326
293
297
314
311
297
329
341
316
333
312
328
304
298
298
278
292
338
316
8463
304
312
294
337
273
290
303
303
325
309
270
288
296
274
305
328
303
298
299
346
269
290
322
286
277
278
280
295
286
334
294
344
297
333
295
288
316
336
294
269
308
272
292
280
294
313
290
295
308
303
299
285
329
274
283
301
306
313
306
279
296
310
276
313
293
290
295
302
275
303
299
300
287
289
304
294
291
278
284
291
298
266
352
305
309
289
328
314
297
330
311
299
275
301
304
308
286
293
303
8512
316
281
338
308
305
290
314
314
319
303
293
296
302
353
289
312
305
289
302
312
325
293
304
326
319
312
296
334
292
298
310
292
302
298
314
351
315
310
314
304
275
308
273
327
313
272
281
302
336
293
283
319
303
301
309
280
279
261
316
318
296
296
301
303
308
337
289
307
289
344
340
315
287
307
312
307
307
315
298
306
310
286
305
298
307
277
294
274
281
300
334
307
301
276
305
304
306
276
308
8490
289
286
291
337
319
328
291
298
3148
3135
3133
274
288
288
290
297
3123
3158
277
335
313
3127
286
292
3139
337
275
270
286
3113
269
326
330
293
307
295
292
300
310
293
3128
292
3125
283
292
300
294
310
303
332
286
305
303
301
288
301
278
284
3106
3123
286
265
269
319
269
276
294
339
331
296
275
314
281
275
279
291
272
297
3133
319
307
302
270
338
316
3126
310
293
283
303
296
294
295
274
309
314
308
3121
292
9032
317
297
279
281
285
271
280
311
281
282
301
285
329
297
332
330
299
335
278
336
294
293
295
315
291
300
293
307
286
295
316
282
304
319
296
280
309
277
286
268
276
287
279
285
287
309
298
282
273
298
289
298
333
3120
326
294
305
290
269
309
3120
306
320
287
3128
295
3131
297
309
303
269
303
298
295
312
293
307
313
3114
288
313
267
270
327
287
324
264
286
283
333
326
292
309
293
284
295
297
283
294
8897
323
295
311
306
287
292
257
274
290
281
279
261
296
288
277
294
281
306
3133
279
261
278
279
286
290
282
270
291
281
286
307
299
283
279
280
287
278
285
282
293
280
281
3128
3138
290
272
306
291
272
262
300
300
286
285
320
282
296
307
296
283
290
298
277
337
293
264
271
1160
266
284
272
299
277
301
283
290
3120
277
284
294
276
270
278
3157
277
283
288
284
311
280
300
275
298
268
343
289
280
274
291
8348
278
286
357
279
284
323
312
282
266
595
279
320
299
282
267
297
3121
277
293
307
273
265
306
290
296
309
320
294
290
287
274
269
293
277
278
289
262
268
3127
1339
298
269
270
269
287
272
316
252
262
267
281
288
311
286
3127
281
288
282
301
322
304
300
270
279
295
274
291
289
277
278
324
285
288
299
263
304
271
263
264
276
292
309
267
272
296
273
273
3117
281
281
295
270
288
275
270
3129
281
263
291
8659
282
300
318
320
263
283
295
272
277
290
275
281
276
299
279
274
252
278
290
275
291
277
286
257
272
264
271
289
265
267
318
265
287
264
298
300
276
282
297
276
286
312
290
271
282
271
273
289
271
282
260
281
316
279
286
288
278
307
265
282
261
277
280
301
290
291
276
293
284
273
296
283
286
298
339
289
275
282
284
288
326
269
289
285
304
300
284
290
286
277
277
265
280
278
340
281
267
282
296
8679
286
286
284
270
344
290
294
279
284
290
292
288
293
288
290
325
300
290
316
286
3130
285
403
314
296
283
314
269
280
314
303
276
315
316
292
296
325
295
292
293
303
322
301
277
283
274
325
303
280
323
297
303
296
290
325
277
289
284
285
290
282
296
284
277
273
483
315
3118
277
294
274
310
279
270
308
290
298
280
268
292
315
306
300
311
300
276
309
289
3112
340
279
306
303
331
331
283
316
321
302
8775
298
311
274
286
311
319
306
302
294
289
307
288
284
309
292
329
298
263
285
308
291
270
324
276
290
319
290
265
270
288
326
285
286
3138
3155
284
325
279
308
276
3129
285
265
295
287
274
307
306
277
301
308
3128
289
304
294
295
286
276
325
293
295
312
320
291
275
309
3125
286
295
313
286
280
292
277
268
319
280
279
289
274
285
281
325
286
284
275
290
270
288
290
278
294
293
285
293
266
274
274
787
8705
254
270
318
279
271
308
282
301
267
270
311
279
272
285
280
265
300
301
268
296
3132
303
291
297
283
285
317
286
288
300
289
291
273
307
296
299
314
334
282
291
271
320
286
279
281
271
270
319
278
279
274
288
264
297
353
297
284
260
277
282
353
292
277
271
275
282
3111
282
309
304
271
283
274
307
3132
270
300
3127
3136
291
3114
280
4679
305
296
347
3156
292
330
300
328
290
308
3114
3116
277
3162
304
281
384
337
287
3131
3129
3130
299
304
288
300
285
286
315
271
286
298
312
311
304
310
312
298
3144
307
281
286
292
292
308
286
325
282
322
299
307
3132
300
550
289
293
335
326
311
286
334
290
327
326
292
273
3130
307
334
3121
3133
290
300
279
310
301
309
296
332
311
326
313
3128
290
280
301
290
3134
306
292
285
255
293
287
274
288
256
270
305
293
301
277
276
292
284
302
255
292
292
305
290
306
281
288
290
274
8531
275
279
272
262
287
307
306
288
325
279
254
289
257
269
270
275
264
257
289
315
289
263
254
265
263
272
275
285
267
267
289
264
262
293
260
285
305
270
287
287
268
303
267
288
275
252
275
294
290
270
291
305
276
260
273
272
282
3108
264
244
302
276
263
258
287
267
267
248
303
294
296
259
287
270
276
255
269
303
276
269
288
280
271
263
291
264
289
261
291
265
250
279
285
280
260
281
317
278
298
8666
298
259
272
292
292
293
285
293
299
254
265
287
286
297
259
323
288
283
279
320
321
297
286
274
289
294
318
278
292
275
299
298
282
286
295
290
293
274
272
265
288
281
306
297
319
266
298
286
280
297
296
265
322
294
308
281
276
259
256
307
268
262
256
280
273
305
325
294
329
281
302
277
310
337
292
303
299
278
297
291
285
269
301
300
319
330
3124
291
300
273
297
286
275
302
295
311
303
342
285
8750
286
295
307
313
302
302
353
334
300
299
294
309
290
260
274
285
318
294
300
300
299
272
287
294
272
280
288
304
309
299
271
313
270
291
261
300
265
320
302
299
303
285
305
308
318
310
288
338
295
288
272
287
299
289
294
324
294
306
329
285
293
317
280
308
282
298
295
290
282
304
295
278
327
282
308
285
284
292
289
280
293
299
281
279
275
303
299
276
290
288
297
291
295
325
285
322
306
281
299
8300
297
311
317
318
290
348
308
292
309
321
292
295
304
321
289
315
295
292
296
321
280
296
286
325
292
293
335
295
296
299
295
325
308
301
295
265
3132
300
312
284
314
325
278
320
281
347
327
350
305
314
296
301
308
306
296
297
293
325
300
283
290
325
318
341
323
297
272
299
267
302
317
300
313
310
300
298
315
3126
3116
303
272
288
289
290
271
3112
296
293
309
276
265
272
296
308
302
285
333
307
316
8794
293
303
3114
313
285
283
296
273
278
299
298
315
287
324
320
300
308
280
296
337
301
295
276
323
277
301
277
344
303
271
280
284
283
295
290
276
277
336
278
293
268
271
303
301
283
301
300
292
313
312
309
294
280
295
296
299
328
357
298
283
297
314
296
305
3120
285
292
322
320
323
291
322
287
316
323
291
327
292
314
293
301
292
296
335
300
306
301
277
287
322
283
287
281
277
277
287
294
287
281
8584
286
263
3126
287
275
278
286
292
286
282
282
266
293
277
280
294
282
298
304
276
284
286
291
1263
299
3122
317
324
292
299
3124
308
288
319
296
301
331
331
310
324
3122
3133
311
283
289
327
3128
286
3146
291
314
306
306
331
291
296
292
317
352
275
287
302
315
276
263
264
321
297
292
276
302
335
298
309
276
288
291
297
308
279
293
276
268
287
321
292
284
304
298
294
305
316
296
296
286
282
265
300
290
8805
287
280
3115
266
270
269
285
309
295
289
285
284
307
280
275
289
330
272
283
3117
274
303
286
290
284
305
287
270
288
285
269
286
272
271
293
294
311
305
329
320
288
286
274
286
310
293
291
312
320
303
278
290
293
307
338
338
316
282
313
329
303
313
314
292
312
305
309
323
310
319
350
316
301
286
325
274
329
297
303
307
271
292
347
319
326
287
295
295
267
287
302
319
322
311
269
286
301
283
286
8593
280
252
287
292
253
283
281
269
269
3123
275
262
289
295
260
276
284
276
269
279
290
275
273
306
262
285
270
280
270
272
265
287
287
341
272
266
271
274
325
276
280
274
343
278
262
296
278
275
296
275
273
278
292
278
3119
259
282
286
278
291
267
276
275
268
265
274
279
280
265
280
277
268
267
311
266
260
282
289
293
301
281
307
306
279
270
300
331
271
264
297
277
271
291
307
283
268
281
286
278
9122
295
312
271
274
283
309
269
320
298
301
295
308
275
323
3118
299
278
304
297
286
300
276
281
278
292
282
334
284
278
314
309
296
296
274
298
272
319
283
297
292
453
281
275
315
312
284
306
283
309
282
277
264
275
280
277
274
275
276
289
322
278
293
298
288
283
273
277
299
283
280
292
298
308
309
304
306
281
272
330
279
277
308
285
300
296
279
267
281
290
312
287
312
308
302
310
304
279
291
323
8463
284
267
295
352
304
295
283
286
322
298
305
300
293
278
283
287
291
262
264
299
279
294
296
302
295
296
299
302
287
287
298
292
286
275
258
271
280
297
323
285
290
323
282
291
271
280
272
280
314
301
262
277
299
286
285
291
274
298
322
316
272
286
296
275
281
287
268
282
304
277
277
271
278
289
290
322
270
284
274
283
270
266
283
272
278
286
289
301
285
290
274
268
283
285
304
281
287
280
276
8704
288
313
286
290
289
296
286
257
290
318
286
287
271
301
307
289
288
307
287
297
293
289
292
301
280
305
323
308
3135
3120
301
314
320
3119
257
272
297
290
275
272
3135
294
310
288
3116
276
3112
290
278
270
312
294
260
317
3128
3131
293
296
285
288
300
294
297
300
297
325
314
309
292
277
269
282
300
286
294
294
279
282
303
299
302
290
297
269
297
287
286
287
295
296
257
265
299
313
342
318
300
307
281
9201
542
285
273
8585
297
261
372
272
285
289
322
297
301
275
308
284
305
279
265
291
295
294
293
286
345
286
281
277
289
3119
293
317
297
296
274
272
288
290
308
316
274
264
276
319
283
275
283
325
296
272
300
262
3119
277
268
283
212
280
3114
277
259
299
274
3117
292
255
3130
281
275
321
287
3114
299
269
298
3111
271
269
279
287
303
3133
264
3128
352
3133
264
263
283
266
295
282
288
291
315
291
266
251
303
324
303
284
186
191
173
189
101
158
170
273
282
199
264
267
183
160
253
272
202
209
270
193
273
169
164
192
211
164
176
190
189
184
165
108
106
167
171
109
100
257
272
263
197
195
194
118
273
159
198
166
193
170
188
257
257
262
172
174
172
188
162
194
110
266
173
291
218
158
159
202
153
104
192
167
255
186
183
191
186
177
175
176
186
201
180
187
106
262
203
181
111
275
185
112
168
159
182
211
269
7153
302
281
3125
306
279
282
298
276
304
282
314
283
295
289
313
301
270
306
290
316
285
312
289
289
330
323
280
332
305
317
279
289
321
291
320
309
296
325
300
299
277
348
294
286
282
266
3115
290
300
303
314
261
298
282
281
275
262
271
271
282
283
288
278
271
266
274
267
262
291
307
273
279
270
275
273
265
296
289
279
266
295
276
310
306
301
293
288
277
278
279
329
268
301
305
258
284
268
324
300
297
298
270
340
282
302
316
300
300
309
329
292
286
301
321
311
275
316
297
297
281
292
286
3130
301
309
317
323
287
287
304
289
359
305
312
271
289
318
333
313
326
325
311
307
473
334
289
287
298
290
344
280
296
284
293
3126
306
301
293
336
298
327
292
309
304
295
309
265
306
313
287
287
355
286
323
309
288
317
323
295
289
315
307
294
300
281
278
319
330
3130
281
294
300
287
331
310
345
291
295
288
8712
284
318
289
301
294
275
290
345
282
315
3114
308
278
284
295
304
324
354
303
294
315
312
315
287
293
280
286
286
304
251
259
294
281
280
287
265
273
270
270
295
293
280
294
308
285
286
297
298
302
310
293
271
298
292
269
291
266
278
284
285
301
284
291
324
279
264
257
297
288
280
278
264
279
272
263
269
295
276
293
262
272
318
260
263
3122
259
276
263
274
315
285
287
255
276
278
264
280
270
276
9280
320
283
285
287
324
258
309
304
270
291
306
282
276
295
274
305
292
262
268
287
287
314
274
303
283
284
303
279
280
278
280
267
299
297
293
303
275
297
278
288
278
296
294
261
281
301
280
292
307
292
286
320
281
285
275
282
297
291
304
279
299
284
289
310
272
304
289
3133
309
306
291
289
308
3130
283
357
291
271
272
282
275
298
298
276
280
279
274
313
306
277
297
268
263
290
283
277
289
277
3152
261
266
281
279
269
266
269
258
292
282
280
314
298
290
273
302
284
285
307
318
306
301
285
289
281
274
294
261
285
284
288
332
263
263
3132
286
287
252
309
275
271
283
298
288
3130
268
263
269
276
276
299
281
283
302
299
262
281
287
314
278
297
268
283
267
282
298
273
277
289
308
300
278
275
271
270
270
280
269
275
265
257
269
299
273
290
268
275
272
291
285
289
294
276
281
319
269
284
272
3630
279
8687
281
354
269
273
299
293
327
276
299
300
285
313
291
313
267
283
268
338
324
314
306
299
296
293
300
276
308
296
270
3130
287
340
299
301
293
312
301
3117
291
320
3119
285
299
298
299
274
305
299
275
279
306
335
303
299
301
308
315
286
294
328
287
297
290
276
302
340
291
293
296
287
293
315
299
294
333
272
261
330
324
268
267
272
309
321
342
288
282
267
269
329
279
290
310
305
301
308
295
319
305
8657
274
332
296
317
323
298
301
266
310
309
258
277
286
273
309
299
295
298
301
3161
302
288
313
3125
3120
291
267
290
298
276
289
289
306
286
293
313
287
281
332
316
276
277
308
293
277
309
286
280
294
299
305
278
300
276
293
302
327
333
323
314
319
309
280
290
280
3118
323
340
350
320
326
309
308
286
332
311
317
312
323
303
288
322
299
288
312
292
311
299
3107
292
311
277
298
316
306
310
282
292
299
8902
329
284
288
287
281
297
325
279
328
301
325
275
297
286
302
296
329
268
318
279
257
307
312
284
282
3114
285
387
351
273
274
285
296
293
304
300
287
302
320
315
273
281
312
281
282
321
307
330
280
287
295
314
282
287
314
294
277
285
337
292
287
293
297
282
291
310
297
304
284
312
297
297
274
271
3140
284
301
280
293
284
270
296
279
278
284
284
269
292
307
300
308
286
329
307
297
314
335
279
301
8861
299
315
283
293
287
280
297
338
298
266
317
270
302
304
284
281
333
291
304
330
346
367
258
302
264
291
282
284
317
309
297
300
277
309
270
321
288
303
344
279
320
298
277
318
291
297
270
295
275
309
270
342
311
288
291
286
320
298
309
276
286
298
294
294
334
340
300
742
292
274
313
329
292
277
297
337
304
321
293
330
289
317
281
286
316
295
273
275
297
295
280
314
283
279
292
287
274
315
284
9056
290
296
260
323
287
275
305
287
276
313
299
303
274
300
282
279
291
257
283
271
269
269
266
295
289
304
200
349
279
290
302
276
3113
287
266
305
279
275
289
286
291
314
319
281
3124
272
294
321
322
320
284
263
290
283
273
300
294
261
281
274
294
281
265
281
299
308
287
299
266
269
299
276
293
284
303
286
299
280
331
295
300
303
262
253
286
285
302
299
283
302
334
314
273
278
265
279
279
275
268
325
259
309
292
276
272
265
286
284
271
293
271
279
273
3113
336
278
283
280
291
3123
3126
298
269
290
291
269
295
319
316
303
328
305
304
309
292
294
3114
273
274
1403
297
269
289
342
283
298
291
279
290
327
285
295
686
298
289
306
319
316
290
299
282
296
314
256
309
268
306
320
294
311
297
293
301
288
320
275
308
317
314
316
345
276
280
292
294
262
300
296
283
284
301
304
290
287
283
314
290
275
303
8404
296
279
341
282
265
297
292
302
314
288
298
304
301
333
288
293
287
261
278
285
277
287
273
357
318
275
308
291
282
281
305
303
289
291
294
312
284
281
336
329
268
301
304
304
303
298
278
306
300
269
305
290
3125
309
285
306
283
267
275
3114
324
293
291
290
313
288
305
297
322
298
303
316
274
315
301
301
311
295
290
298
286
282
279
290
264
266
272
342
282
298
330
300
292
264
258
303
282
310
274
8653
300
269
343
288
292
293
287
289
281
299
302
276
279
270
286
3119
283
278
272
283
284
279
304
316
3125
289
258
289
274
275
280
277
302
294
303
3133
295
293
273
295
287
307
314
282
269
282
332
268
285
268
259
294
308
303
287
274
291
327
290
283
323
270
273
271
275
293
293
297
318
283
327
296
277
328
302
276
294
313
293
281
341
280
301
306
290
282
281
305
330
287
296
273
338
348
294
312
348
294
274
8832
318
305
314
297
281
299
308
291
294
333
331
297
307
273
272
317
297
311
271
284
280
347
297
263
286
293
300
270
306
306
330
306
291
295
294
283
299
287
301
300
319
340
307
3114
290
304
289
308
295
294
314
313
306
324
341
283
323
309
319
284
300
282
286
292
293
344
297
295
279
312
312
353
343
319
314
325
325
315
313
306
270
297
293
314
306
331
313
322
290
300
311
304
297
344
340
332
277
288
298
8883
330
291
282
328
276
307
314
311
281
308
291
3117
297
312
304
293
310
299
284
322
294
338
295
311
305
311
292
277
293
296
320
297
347
286
305
325
288
276
273
276
291
268
270
282
299
304
306
310
321
309
283
267
265
284
318
283
277
280
277
270
306
295
277
291
301
278
284
309
279
260
313
285
282
291
286
320
317
271
287
307
344
298
347
341
304
317
308
300
308
304
292
289
300
329
326
366
320
303
346
8699
289
307
294
304
328
275
315
367
306
290
298
3108
308
288
303
324
307
313
322
304
310
313
323
306
303
275
296
296
273
305
299
282
280
293
309
310
290
319
277
301
301
272
288
300
3130
298
279
300
304
324
278
335
279
334
323
319
287
292
297
310
281
629
292
288
270
296
338
297
320
328
291
321
290
353
299
283
295
285
271
277
280
266
279
320
296
306
280
301
302
297
273
277
306
318
311
353
301
341
316
8523
282
311
293
284
296
299
287
282
285
289
309
295
325
328
323
339
317
319
313
280
289
278
258
263
300
324
282
268
262
309
280
311
284
251
261
290
295
315
295
306
267
295
296
297
277
290
306
310
264
272
300
270
306
298
277
294
269
282
291
278
290
286
300
313
270
278
290
275
270
3131
309
284
295
279
276
315
275
277
293
279
329
295
334
305
297
294
312
299
294
3119
297
301
330
298
294
332
272
327
305
8471
290
259
301
288
298
284
279
268
281
268
271
301
283
291
294
273
286
280
269
267
416
284
264
282
258
3111
271
287
3120
276
295
274
257
289
3116
281
281
272
3119
3133
310
282
286
284
277
311
307
298
300
308
271
265
315
280
284
296
266
271
285
292
276
337
294
308
301
275
277
276
292
464
287
293
284
285
280
295
305
290
288
313
310
301
286
298
267
255
277
296
253
271
291
311
304
289
292
289
287
303
289
8641
295
303
301
3130
320
3135
321
3119
283
294
308
288
276
3131
293
279
275
3130
293
276
284
275
266
274
266
288
263
3136
274
3128
281
288
3131
3138
286
281
307
298
308
321
305
297
292
316
3122
292
340
321
292
294
295
289
266
329
287
3121
313
302
288
297
289
296
292
296
291
307
317
298
298
310
280
282
296
286
288
287
292
302
289
313
330
321
309
285
285
325
313
288
313
289
334
324
296
314
338
315
322
300
286
8875
302
258
307
297
3120
278
289
297
282
289
290
3121
295
3127
302
292
261
306
279
315
306
304
280
308
305
297
294
285
303
284
287
310
315
282
301
277
306
287
281
305
276
304
312
303
295
298
286
280
281
274
269
295
298
290
278
290
270
298
286
278
294
267
285
284
308
298
280
286
309
295
300
313
295
291
261
278
270
274
261
272
300
280
272
277
288
263
282
291
261
314
304
306
274
298
269
274
275
277
602
8828
315
296
299
302
307
261
287
314
269
282
308
301
311
273
278
270
259
264
291
284
295
330
287
275
314
291
285
296
298
321
288
321
318
303
300
294
280
286
263
276
255
315
282
296
310
296
297
290
285
315
311
279
279
298
954
285
283
296
322
281
283
270
303
292
315
307
306
304
296
304
315
289
275
270
288
316
296
279
305
308
309
300
295
283
282
295
316
282
258
303
281
288
267
288
333
280
312
297
314
8541
295
284
827
286
284
309
297
292
283
310
319
308
3122
294
282
289
308
292
3120
495
282
291
292
294
310
322
295
304
281
322
282
280
329
299
287
325
308
293
289
296
297
276
276
276
276
320
311
293
301
286
285
284
281
303
295
277
286
280
293
285
292
287
316
278
264
291
280
267
277
281
282
274
294
273
264
311
284
305
293
281
308
279
291
272
3123
287
318
274
283
282
301
269
324
285
301
269
263
283
286
290
291
278
291
266
287
286
289
261
270
269
282
264
276
277
269
281
272
287
284
261
274
272
275
286
290
274
280
309
290
350
293
302
282
291
316
287
309
290
286
297
281
286
284
281
286
281
276
292
290
285
286
293
345
285
268
285
3129
312
278
268
285
308
345
276
269
288
292
295
291
309
298
317
276
298
285
291
286
268
286
269
279
295
269
274
306
3119
320
290
281
279
280
278
261
264
259
281
289
286
315
6930
292
270
274
270
297
287
290
278
303
302
300
285
334
298
283
287
272
292
279
261
286
282
303
283
270
296
283
286
287
301
287
286
276
309
309
308
294
276
290
310
276
271
315
292
283
274
274
297
295
288
280
283
306
327
286
297
282
266
292
299
300
322
281
321
293
306
281
284
309
268
302
262
294
322
282
298
281
272
301
285
292
293
282
279
284
269
280
312
799
284
302
285
298
301
293
295
316
284
276
8599
278
318
290
282
310
315
291
303
298
316
263
286
299
320
344
317
307
302
306
313
289
286
293
331
290
286
289
284
308
276
294
304
289
297
291
283
293
350
290
264
314
292
324
299
307
283
305
281
294
287
296
303
313
322
269
297
293
272
289
292
283
306
291
261
311
326
268
286
297
316
289
296
276
295
293
287
291
3143
272
293
313
301
289
306
286
265
307
273
297
294
299
304
262
282
280
279
296
320
300
8719
279
282
283
266
302
280
289
305
285
270
305
285
274
270
281
294
3118
294
295
369
297
290
280
282
269
303
287
292
305
279
278
295
276
290
264
296
294
294
300
288
277
304
276
293
313
333
300
288
286
294
330
277
299
284
267
297
299
273
297
3113
286
279
319
3110
290
282
301
288
285
284
288
3125
279
285
284
285
294
302
294
298
277
271
3126
305
281
322
305
297
290
272
286
290
296
299
301
328
292
282
289
8825
277
286
277
283
285
286
300
274
281
291
302
300
293
311
296
297
289
296
319
258
322
261
291
291
310
317
268
265
347
297
297
289
284
309
319
298
305
269
282
285
291
276
294
316
309
304
318
291
282
289
283
287
306
311
290
304
267
291
279
269
277
307
297
298
271
306
273
302
283
307
300
300
303
320
276
299
300
276
296
308
315
287
293
322
307
304
301
289
283
300
273
292
307
284
304
305
288
274
311
8469
289
272
292
318
283
288
269
299
323
280
295
296
307
288
299
297
302
288
310
313
274
322
293
3130
294
311
461
287
300
285
312
264
3128
288
286
306
282
307
279
279
308
316
277
312
294
305
304
306
325
299
300
294
292
290
319
297
288
276
306
291
327
271
287
284
282
324
283
316
307
288
282
298
317
306
293
283
291
286
308
284
273
284
289
284
278
266
284
311
282
270
292
283
271
295
301
289
264
322
287
8299
285
277
317
294
290
318
312
360
285
288
290
296
300
295
298
306
337
332
286
304
330
300
291
327
298
289
295
328
299
285
319
286
285
334
278
298
320
293
291
307
310
284
266
302
306
268
278
289
314
267
312
373
317
290
292
286
296
285
289
272
349
289
324
296
302
290
298
292
297
278
283
308
288
293
334
283
291
306
295
297
274
289
294
293
318
290
303
3130
287
328
331
295
277
325
312
304
309
284
309
8979
275
290
310
319
288
293
294
291
295
297
311
317
287
297
281
273
267
287
275
256
276
307
278
317
270
254
282
266
264
266
298
288
300
293
266
283
306
304
292
300
283
278
386
3129
308
288
303
311
304
301
314
276
263
286
289
272
274
262
280
316
268
269
272
297
274
282
289
277
3118
284
296
283
273
303
273
290
282
297
270
3140
279
271
273
270
256
277
289
298
289
271
276
274
284
294
286
278
275
288
283
9059
308
314
305
290
323
317
320
302
296
287
305
287
290
299
292
302
290
291
285
312
280
299
284
278
279
296
285
292
318
306
314
298
300
281
321
294
283
297
345
304
294
308
296
335
351
304
297
309
301
294
276
272
313
278
271
260
312
277
3118
291
328
314
321
3179
303
274
302
302
309
293
3118
275
271
296
277
326
335
275
279
293
317
295
3139
292
370
339
300
3109
288
306
492
278
309
304
305
3125
298
565
315
8572
285
271
352
347
283
311
280
305
3127
301
286
324
327
321
285
3112
320
325
300
299
344
301
331
294
304
298
336
309
311
289
317
293
301
303
298
304
286
280
318
304
316
291
307
358
308
322
274
316
324
286
308
285
342
295
289
288
270
307
294
309
286
293
276
300
303
322
302
289
291
3131
311
297
306
290
312
320
284
308
276
270
274
345
274
279
280
306
294
280
287
290
317
294
278
310
324
290
329
284
342
8648
293
301
292
333
3123
278
260
278
266
276
263
274
280
265
315
271
270
269
270
301
272
255
275
271
262
276
282
282
262
249
297
276
284
3127
303
305
336
282
274
293
263
278
266
284
310
274
308
263
302
293
3126
312
281
311
294
274
332
306
296
272
290
284
277
300
267
269
315
263
263
263
276
266
251
263
269
317
286
327
300
261
324
297
280
285
321
303
280
280
271
292
273
272
281
301
259
266
272
279
249
8483
276
263
295
354
290
305
3116
281
265
1259
281
297
3112
266
282
290
272
282
302
280
281
284
290
299
271
292
290
284
337
292
273
306
295
311
278
283
313
290
343
298
290
281
317
282
297
266
299
314
284
295
281
281
270
312
293
310
272
322
279
291
281
286
293
299
265
277
315
295
289
302
3109
303
292
334
287
296
295
266
264
303
302
283
278
303
333
305
257
260
282
301
309
282
3134
329
301
331
289
292
285
8357
291
278
269
294
281
303
301
290
292
297
332
317
304
315
309
277
317
301
298
273
301
307
300
303
325
292
323
342
323
296
354
282
310
337
348
354
290
326
305
340
295
294
286
311
354
288
302
319
276
279
299
300
300
277
363
290
345
308
320
300
294
308
292
305
290
305
318
316
275
311
295
297
289
322
298
297
337
284
287
288
294
288
313
295
294
292
317
296
325
326
300
285
294
312
296
288
269
321
340
8607
297
299
295
310
280
281
310
294
291
363
301
276
274
303
276
285
291
290
310
283
303
353
287
284
249
291
268
280
277
311
294
326
285
297
286
297
290
468
307
325
281
301
333
289
336
297
298
318
312
294
294
321
332
288
306
311
264
274
305
275
287
319
390
325
299
297
313
305
276
299
299
307
334
302
330
310
282
293
298
326
307
307
348
300
338
298
310
316
300
290
290
290
261
284
319
318
284
3115
266
8424
289
286
323
284
292
275
304
299
294
264
273
297
292
269
285
273
298
277
315
316
286
277
265
291
308
288
279
295
260
256
288
289
319
280
272
259
268
268
273
261
261
277
270
3121
290
277
267
299
267
271
292
279
278
295
290
277
316
295
3129
270
287
303
260
299
279
261
260
248
294
278
264
263
257
280
262
245
291
273
261
277
276
305
301
281
292
279
310
297
288
289
276
268
267
279
274
306
281
287
293
8753
274
296
267
263
274
302
282
298
322
295
3132
264
277
307
301
299
285
319
269
309
282
289
303
329
315
276
304
289
291
299
340
274
314
285
303
289
276
303
298
311
282
281
321
306
319
323
282
3122
285
280
272
288
295
284
300
282
323
344
299
319
3133
296
306
301
3136
3121
262
293
296
282
304
295
288
310
277
318
308
314
274
291
289
289
343
526
279
326
278
274
333
282
294
329
292
294
325
292
272
309
335
8683
320
276
316
303
269
271
319
291
300
300
305
333
290
307
282
285
302
321
320
327
304
296
299
293
302
292
310
313
333
328
325
323
277
310
334
310
275
301
320
275
333
313
270
311
343
291
276
319
277
293
285
257
310
301
283
304
269
297
302
295
301
277
323
290
302
281
277
320
293
290
312
314
314
292
326
269
293
305
287
316
276
298
300
297
295
308
290
283
330
286
297
290
299
292
282
277
282
288
309
8504
304
307
277
309
311
293
279
285
324
302
307
293
313
283
282
280
280
273
265
284
328
300
302
273
319
258
281
282
293
296
311
3114
292
269
292
318
287
270
286
293
265
274
277
301
275
305
281
287
3125
284
263
294
302
317
297
278
317
303
306
300
298
299
274
321
301
309
297
290
291
277
354
280
305
266
290
276
295
270
280
281
272
283
272
275
269
280
290
301
310
301
284
304
286
280
276
321
304
303
269
8593
326
304
276
304
301
308
293
290
272
286
322
326
300
301
277
298
1497
348
301
318
352
298
315
293
297
309
291
319
316
284
311
320
268
321
273
299
286
324
303
315
287
283
290
292
312
302
287
305
304
289
316
279
322
323
343
304
293
292
299
278
292
311
273
2731
314
316
292
315
337
310
335
367
308
308
292
306
324
280
310
298
307
290
3124
306
280
302
299
302
333
309
295
323
284
325
346
311
319
306
305
8931
268
297
298
299
290
291
313
280
296
284
295
299
282
281
297
298
302
291
305
322
324
290
303
324
284
285
316
349
299
294
302
295
299
289
284
295
270
303
322
327
274
263
283
344
298
300
288
298
303
329
328
291
290
305
284
290
303
291
278
258
336
255
261
261
306
289
312
305
326
294
288
336
315
291
309
316
269
272
258
284
273
282
284
339
276
310
303
277
333
294
292
319
295
355
284
305
280
306
305
8826
298
287
287
304
292
306
300
258
254
281
268
289
268
277
302
276
342
270
290
293
271
283
275
289
287
287
299
311
329
281
277
300
3132
276
311
266
306
288
288
279
281
289
291
283
296
299
301
352
308
347
349
308
375
318
287
303
306
338
307
313
294
280
271
271
298
297
292
326
274
274
275
272
302
268
261
299
281
294
297
287
260
298
294
293
302
306
280
304
293
297
313
329
291
284
286
308
299
307
311
7520
270
312
279
311
295
260
276
268
266
270
275
288
286
296
276
280
290
285
275
293
271
273
269
256
268
288
288
265
262
291
272
281
290
262
289
277
284
298
314
307
292
260
284
263
267
266
282
305
289
281
266
275
270
285
272
285
302
278
285
275
290
288
283
271
268
287
292
297
297
273
290
291
303
293
327
291
276
280
276
279
279
289
3128
301
337
293
276
283
315
269
288
288
291
284
279
301
316
296
258
8024
271
268
293
280
281
296
277
280
3109
269
286
292
284
267
278
292
259
277
249
282
308
255
270
295
295
290
262
286
288
303
309
302
269
269
294
312
324
285
284
302
294
299
268
292
283
269
271
293
259
274
302
270
290
275
280
275
288
305
286
262
299
299
288
289
276
299
270
259
270
267
263
267
3124
276
268
331
279
323
264
300
266
264
259
280
263
269
295
303
291
285
335
265
281
286
278
267
275
285
255
8746
3136
268
277
274
288
295
298
276
285
264
302
277
296
295
301
269
307
288
324
285
287
293
299
344
325
324
336
308
302
302
297
294
282
295
306
302
325
316
298
350
306
282
269
295
277
281
284
303
353
272
315
287
279
314
330
280
291
300
298
302
317
343
314
295
325
293
313
328
301
307
282
336
330
304
3131
297
288
299
293
333
291
360
307
314
376
289
288
305
288
312
301
331
306
379
298
301
316
326
277
287
281
282
268
278
311
286
268
281
270
290
274
278
303
310
282
287
296
279
347
282
279
260
285
313
281
281
322
337
287
289
294
295
353
282
277
310
279
299
258
321
292
287
311
270
281
295
293
303
310
322
283
288
295
328
263
298
302
285
270
340
282
269
264
260
264
326
299
298
281
272
269
287
303
288
286
294
297
288
275
283
306
279
296
331
298
315
279
273
267
292
292
284
276
260
292
295
296
374
314
8043
279
273
1817
269
277
325
280
262
280
303
358
263
272
280
270
276
3140
266
279
291
284
294
287
266
278
276
307
315
313
302
331
313
295
279
279
307
290
325
284
294
292
278
290
283
298
289
286
269
288
306
292
302
302
274
311
313
314
328
288
306
279
265
279
274
295
310
297
290
282
276
266
269
320
285
289
275
295
3133
286
294
297
295
294
302
304
297
285
289
270
326
295
308
322
326
293
313
314
310
281
8755
318
293
287
269
6983
265
278
330
309
339
286
272
3130
303
280
271
300
267
298
3128
291
285
316
314
306
304
267
271
289
296
323
332
303
320
305
296
300
868
266
340
286
284
278
297
305
283
286
282
305
286
331
275
282
281
323
302
321
290
289
291
285
282
283
267
312
295
277
255
343
276
278
300
291
275
296
305
266
272
284
291
330
301
285
263
278
265
277
279
300
270
301
303
312
287
267
282
305
288
289
8475
276
274
306
287
273
265
279
279
274
292
301
270
275
288
270
258
322
301
296
274
287
267
265
272
286
267
289
272
288
294
269
266
256
276
269
292
255
253
279
269
333
255
282
289
275
272
287
277
258
257
278
306
276
288
282
298
297
266
268
331
272
288
309
292
293
270
325
307
282
266
340
475
299
272
274
346
283
302
304
294
277
339
262
3123
316
316
315
294
283
286
297
315
278
293
281
293
291
288
283
8907
260
286
317
3130
283
308
322
339
283
340
304
299
325
294
303
293
305
300
305
292
300
275
3118
296
3130
279
294
284
303
303
273
292
297
291
287
304
287
319
319
332
303
309
318
305
292
300
300
303
307
299
273
269
313
268
292
288
283
322
294
284
301
302
288
271
284
287
304
299
298
317
325
283
300
282
343
295
332
296
310
293
324
317
297
295
303
318
358
295
295
282
296
292
288
300
273
303
308
287
317
296
309
285
282
301
291
270
326
266
302
275
329
287
326
288
288
287
322
322
284
292
297
303
354
274
306
308
326
296
315
310
302
320
292
274
270
272
283
288
274
304
290
400
280
311
3125
320
289
294
321
284
286
302
282
303
299
287
271
325
324
297
315
273
320
300
304
302
296
281
360
291
271
284
292
310
299
292
275
280
291
291
308
301
311
292
320
322
299
304
303
290
337
275
291
324
322
328
283
300
277
258
297
290
272
313
301
301
284
285
290
277
305
309
269
273
304
287
293
290
299
287
308
279
283
292
302
296
277
295
302
259
301
278
285
260
261
289
265
283
273
274
278
276
301
290
292
299
298
278
260
263
291
264
262
267
305
267
303
295
286
288
304
273
310
275
262
278
276
276
312
278
299
273
277
277
270
267
275
285
268
270
302
283
327
281
301
303
280
287
265
278
299
261
274
284
286
343
306
297
277
8841
282
307
306
283
289
288
297
358
306
334
297
321
286
289
283
269
304
287
292
324
354
308
307
294
286
305
320
274
281
292
287
352
332
287
272
285
288
311
301
288
299
352
301
293
303
308
310
308
301
288
317
286
323
299
300
276
281
301
309
291
339
300
308
298
303
308
288
305
332
289
286
280
298
267
310
301
284
303
308
345
302
270
290
283
296
304
286
321
335
286
279
287
308
315
268
299
294
277
307
8442
254
291
278
273
279
300
281
269
276
262
286
286
260
293
275
274
281
286
277
275
294
301
296
294
277
328
299
312
317
276
282
305
286
279
272
314
292
316
273
302
281
265
274
266
273
268
315
284
276
291
293
275
257
281
256
337
276
335
267
325
267
325
291
296
325
300
297
285
319
290
306
276
257
285
299
336
307
313
259
283
288
292
313
264
275
301
280
285
267
265
254
265
313
270
263
3119
293
343
310
8964
290
295
310
305
311
286
312
279
288
331
310
301
293
312
326
310
283
302
307
289
323
301
311
339
292
277
297
286
303
279
346
312
931
296
287
298
310
280
288
303
305
279
282
302
327
285
284
288
297
269
301
294
305
292
292
294
305
339
324
284
336
320
295
340
312
307
284
280
288
336
314
274
349
276
300
306
284
271
342
302
357
290
336
306
276
287
284
284
266
268
269
281
317
287
316
294
3113
282
268
8217
271
266
274
296
290
284
8495
281
290
283
3106
257
285
284
309
280
283
290
292
309
278
3127
4317
299
295
284
299
285
277
315
269
267
258
267
310
289
283
287
258
319
289
274
273
1492
276
287
288
268
281
272
278
275
315
296
272
263
266
3102
266
292
293
283
271
295
268
266
262
263
280
283
302
311
283
334
266
282
272
273
270
286
293
300
304
325
260
271
253
295
256
303
285
273
297
312
273
263
260
256
252
8909
433
293
286
324
274
261
299
289
289
312
301
287
317
325
280
282
307
265
304
291
344
281
344
306
293
288
312
311
308
329
322
293
268
285
276
292
285
305
292
296
289
264
293
308
332
263
301
285
345
296
371
318
318
308
313
323
286
388
317
281
291
284
313
304
296
349
288
306
306
358
303
344
311
275
287
311
344
324
333
312
363
277
336
332
344
335
293
283
321
385
316
321
292
305
304
301
310
277
274
8560
314
291
317
328
330
307
304
367
314
319
306
320
319
352
307
296
330
347
309
319
311
332
359
290
331
321
294
311
310
303
325
312
313
313
343
298
287
303
357
358
344
316
301
319
309
331
322
291
320
318
281
299
319
292
289
320
326
288
289
293
317
286
345
301
323
327
319
262
273
291
267
308
288
300
311
279
281
327
312
294
292
289
314
295
310
304
303
295
299
329
342
297
307
325
290
297
290
293
308
8276
303
291
333
298
291
288
304
295
267
309
322
324
3134
294
266
275
290
296
333
326
340
314
290
313
296
290
337
303
317
318
316
331
282
300
304
325
341
299
326
317
268
285
316
282
301
292
279
278
323
288
302
286
299
270
308
319
278
302
316
290
315
344
305
310
282
297
312
268
297
280
304
281
283
294
289
304
281
310
351
292
290
309
309
293
280
307
312
308
275
303
274
297
313
280
361
315
308
275
265
8503
289
296
292
311
301
268
279
298
313
291
301
291
322
316
296
307
299
290
275
284
650
303
284
302
313
307
304
287
275
288
313
298
282
288
331
270
267
298
302
292
263
295
3114
295
300
276
316
359
279
272
297
297
308
283
275
290
301
288
324
301
312
283
308
289
315
324
309
331
294
321
291
293
286
270
312
265
315
329
305
301
293
269
284
262
265
268
286
267
264
280
332
288
286
305
277
262
300
274
324
8139
276
248
268
287
265
295
266
286
278
268
271
269
274
266
297
295
324
280
289
307
341
281
333
280
302
289
280
265
268
278
339
338
279
272
287
330
270
287
312
323
285
263
284
301
279
365
281
329
313
254
263
310
267
274
298
305
259
3107
334
283
277
311
288
253
300
263
268
327
292
302
266
308
261
288
278
280
265
305
294
289
284
272
575
286
318
286
273
265
270
289
287
263
290
312
276
296
338
3123
282
8721
256
282
283
300
294
288
291
279
305
308
288
275
266
291
289
286
278
271
256
373
286
291
277
271
276
289
259
255
278
286
266
261
293
339
328
285
276
270
278
281
306
254
281
279
288
284
289
291
314
300
280
262
301
285
282
291
274
285
284
281
289
318
304
265
267
291
309
303
304
264
275
240
277
943
313
301
275
277
277
328
273
276
263
320
275
264
251
263
269
280
274
290
261
269
281
286
283
264
312
