Execution time (ms)
172
24
21
16
19
21
20
25
15
20
20
21
17
20
20
23
22
16
18
16
19
46
16
18
11
17
14
15
13
19
16
18
17
16
12
12
11
16
16
13
13
16
13
13
11
13
14
14
12
15
14
11
10
11
10
10
11
10
11
10
9
10
10
9
10
10
8
10
10
9
9
9
8
10
9
9
9
10
9
9
10
9
9
9
8
9
10
8
10
9
5
10
10
71
7
9
7
7
9
7
7
7
7
7
6
6
8
6
6
7
7
7
8
8
8
8
6
8
4
8
8
8
8
7
7
8
6
6
8
7
7
7
6
5
5
5
4
5
6
6
4
6
6
7
6
6
6
7
6
7
7
7
6
6
7
7
6
7
7
7
8
7
7
6
6
6
6
46
5
8
7
6
7
6
6
3
6
6
5
4
8
7
6
8
5
7
5
7
6
6
7
7
6
5
7
4
6
7
7
7
6
7
5
6
6
7
6
7
7
6
6
7
6
6
5
7
7
7
6
7
6
5
6
6
7
6
6
6
6
