Execution time (ms)
19028
20809
18131
19917
21091
20887
20229
20453
20212
20890
20418
25416
21327
24015
20229
21117
24523
20208
19355
21237
20837
20084
20393
21009
20452
20121
19782
20317
20479
20435
21164
20474
20267
19913
20731
22389
20580
19454
19816
20414
20380
25428
20802
24204
20809
20265
20264
19778
20119
20600
11757
24965
20689
20094
19838
20437
20284
20473
20084
19838
20884
20624
21310
25019
20341
20737
19474
24134
19178
21288
20351
20719
19699
20509
21080
20984
20376
19938
24961
20002
20022
21516
20857
19733
19733
19767
12040
19343
20291
19859
19972
20594
24894
19929
21193
20005
19835
18484
23006
20519
23946
20560
24105
