Execution time (ms)
67263
76211
76807
76348
76635
77962
84768
75650
77751
74600
67662
74448
77645
69978
70961
76642
75624
77180
84918
74443
65143
75936
77235
77363
75078
68293
61438
77169
76600
72929
76923
66449
76606
77435
76840
77593
78262
76683
87665
78743
77050
71063
78316
66050
78715
66879
63724
76016
76489
75981
76893
77349
75558
75066
77615
77077
50442
76250
77284
77009
69437
76117
72605
72396
76410
77580
78217
74491
75723
75087
76126
75341
74050
76457
73820
74895
75820
76469
64727
76010
76379
75717
77252
77419
77405
77643
76115
75750
75633
78931
66475
76509
76904
76921
74538
76848
75111
77030
82752
76155
74716
73420
77284
75518
77318
75065
77668
76390
75951
77317
74290
78149
76346
77060
76620
76968
76405
77470
67395
76251
74562
64436
75006
65181
74963
76538
74897
77873
76623
75538
76647
76828
65704
77265
76742
76469
75749
74019
76192
75983
73429
64330
65577
75444
76008
73738
76035
76246
76433
74289
64146
78150
77430
67034
84136
79383
77664
77760
76541
78785
77668
78050
76040
75385
78206
76566
74664
77667
76742
76330
74204
64841
77815
76114
76902
76418
69625
76773
77418
78447
76326
66681
76748
67415
77183
75858
75649
75940
78172
77107
76216
77337
77812
78898
75217
73446
67366
85526
67583
74734
