Execution time (ms)
3261
9403
9208
10040
9461
9631
9326
3431
9417
354
6009
9752
9380
1443
9889
347
3878
5778
9124
9250
9223
9404
9123
492
325
9563
384
9381
9923
9580
10014
9646
9448
314
9059
8829
9188
8645
8914
8771
397
9586
9643
9122
309
373
9422
9368
377
9526
9375
368
9870
9339
394
8767
1734
9235
9085
6988
8787
8661
9567
8976
9778
9112
9874
9638
5086
9518
9422
461
9331
9487
9169
9116
9581
8861
348
9088
9224
9457
346
9191
10025
10023
9813
854
9787
346
9293
372
9453
10375
375
360
10034
370
10282
9590
