Execution time (ms)
10219
380
422
9279
9820
398
9759
9746
443
9597
393
368
9672
9936
436
8737
9933
9889
9810
449
8666
10084
9605
9523
9497
387
10398
9539
386
9316
367
9531
402
9809
9980
406
457
9905
391
10054
9513
9134
9785
9639
9755
9948
10122
10189
9822
9867
10044
9892
419
377
9898
10070
9978
10132
8760
9596
10043
9131
9945
399
10009
10469
10136
9699
10420
9805
360
10015
9882
10540
400
397
10209
9742
10020
10041
9926
10009
10359
10585
9294
362
4811
9899
9726
350
8917
9891
10075
411
10040
468
10225
372
9990
422
