Execution time (ms)
9010
268
294
292
290
289
318
325
292
256
290
278
318
264
269
284
301
282
366
293
301
287
291
321
293
282
314
3246
267
309
289
284
271
272
285
307
271
298
333
263
286
274
306
255
273
269
262
267
292
297
317
310
309
293
307
264
287
282
290
278
286
311
301
268
313
298
333
275
305
3209
287
330
273
318
316
300
273
290
264
271
283
309
293
295
271
261
271
273
325
275
298
302
287
285
302
273
275
315
266
265
289
320
298
287
293
287
299
319
278
279
327
351
276
299
322
265
303
270
289
294
324
270
272
283
302
272
268
320
281
309
338
276
274
306
288
284
295
279
261
276
280
285
300
312
272
273
270
273
291
324
300
3244
275
295
330
328
280
303
280
292
284
300
322
308
317
307
327
301
293
300
316
289
269
302
301
286
299
312
288
277
309
279
292
298
304
282
295
340
312
273
303
294
295
282
300
312
293
293
288
292
8811
266
292
288
273
305
265
286
261
275
262
268
275
263
274
318
263
288
269
260
281
269
280
291
283
289
267
268
286
260
270
275
264
285
290
300
303
300
268
246
264
287
269
266
285
351
285
263
292
296
274
301
277
270
270
312
315
308
298
282
286
325
297
314
285
285
301
249
266
257
293
259
292
286
263
278
282
295
265
272
296
281
276
278
286
270
280
266
280
252
258
317
268
295
259
290
283
275
307
289
9016
284
277
301
289
277
318
301
325
274
272
305
278
302
339
313
319
302
269
332
297
303
301
277
316
318
299
315
293
292
318
307
307
329
312
312
267
287
265
277
303
292
299
289
306
278
302
319
290
307
270
271
316
296
261
285
280
275
270
265
334
309
302
277
3239
268
301
313
286
269
279
303
277
305
298
297
291
292
296
273
284
304
290
301
287
292
267
279
3247
283
272
273
274
297
291
299
299
294
293
293
9065
271
274
323
292
304
308
283
306
261
267
287
259
270
287
319
278
271
283
291
268
261
295
313
294
293
270
290
294
280
283
309
269
313
304
299
272
289
297
271
283
266
276
289
293
292
292
283
300
326
302
298
295
302
288
302
277
272
318
277
283
271
283
316
283
279
293
286
286
287
318
272
287
318
345
273
261
263
278
265
266
273
300
268
302
294
301
3240
267
274
316
271
277
295
293
268
277
313
303
264
296
314
265
290
297
297
297
304
266
270
315
310
313
292
299
276
276
303
303
256
297
274
264
277
311
262
285
321
276
304
307
295
293
282
267
309
253
292
293
297
289
268
284
270
270
280
288
268
269
287
272
305
275
305
309
274
282
297
311
292
307
299
307
292
310
274
307
284
302
269
273
274
270
308
322
272
288
252
309
283
287
262
282
282
3246
309
264
296
278
3224
264
297
3250
308
270
298
312
273
297
291
275
264
277
284
274
273
273
285
302
273
281
262
290
269
266
291
294
279
253
280
279
285
260
312
304
274
302
292
289
295
256
276
280
296
250
266
259
318
279
265
316
310
308
289
292
261
267
290
274
278
304
292
315
292
275
272
295
309
286
294
315
276
281
289
293
291
272
261
266
250
283
323
277
271
279
273
288
298
267
290
274
293
295
271
295
266
301
277
310
290
275
300
278
294
268
285
294
272
275
299
9245
264
271
313
288
303
541
269
300
251
310
295
278
278
328
302
282
306
3229
269
301
294
270
315
269
272
276
269
300
321
267
307
292
325
310
313
277
296
296
270
306
309
279
272
273
292
306
278
288
270
268
299
269
279
298
301
288
280
274
300
274
283
265
270
279
307
279
282
290
272
308
286
259
281
288
302
276
300
258
275
283
261
260
262
277
284
268
253
318
270
279
298
302
282
269
268
282
267
268
295
252
311
276
271
302
292
304
309
273
265
310
280
306
311
271
271
263
284
313
256
276
271
277
312
291
270
276
304
309
262
267
285
268
286
269
268
307
312
288
276
280
271
318
285
307
307
300
269
308
286
315
293
314
276
271
304
271
315
312
3231
315
285
291
281
303
3225
299
284
312
276
274
309
292
273
267
295
273
277
278
325
272
308
272
284
280
311
274
277
304
270
272
291
273
294
274
279
276
267
278
307
8874
269
267
301
255
309
265
278
270
269
264
279
277
263
289
302
309
299
269
305
286
281
274
265
269
283
274
281
276
254
292
305
288
300
268
267
321
280
298
297
270
281
264
288
282
263
283
285
293
282
254
287
299
311
268
289
309
275
273
280
269
261
308
303
302
294
300
268
267
267
314
269
321
290
300
301
288
292
268
289
286
274
283
276
3200
292
281
286
279
285
273
307
313
272
299
291
275
276
285
251
8896
302
323
318
277
303
303
288
302
295
298
275
286
266
357
292
270
267
288
292
285
261
276
279
302
285
254
309
272
295
302
326
292
298
284
304
290
287
302
264
304
276
279
301
288
287
290
279
265
3207
286
262
262
285
274
306
306
274
270
276
317
307
278
283
306
312
3203
304
316
338
281
269
319
303
300
287
270
287
306
267
286
271
265
320
3223
3235
309
278
309
3250
265
274
293
3204
3248
276
315
323
296
311
310
308
342
293
260
277
278
295
278
286
257
290
273
3213
3245
3229
331
312
325
270
290
246
306
265
289
266
282
273
277
3245
281
290
318
259
263
323
314
302
303
300
302
294
305
288
319
295
312
273
302
267
270
273
276
278
297
275
305
302
264
276
274
264
288
3211
308
278
294
268
266
310
294
269
295
286
284
309
274
267
269
268
297
300
314
332
284
259
283
310
272
308
3243
260
291
306
290
273
269
323
286
314
7166
291
307
277
264
270
287
325
286
319
274
330
316
318
259
312
297
292
318
276
293
329
267
294
311
295
272
271
274
279
3205
320
275
270
298
269
303
278
291
272
321
291
268
279
271
281
277
279
280
282
3234
323
271
311
273
277
274
290
313
261
269
278
270
264
273
320
252
292
291
283
299
301
277
295
291
280
286
287
306
275
266
272
293
279
257
292
271
264
275
297
293
300
267
293
274
265
276
280
277
258
9066
279
270
300
297
257
313
311
292
292
269
261
3225
283
281
312
265
280
319
305
302
326
296
308
279
319
299
286
263
272
271
282
308
294
295
300
290
258
281
277
277
294
273
286
281
248
269
289
261
287
272
312
274
280
295
287
280
306
263
293
297
280
261
292
275
279
285
266
290
259
300
267
281
263
310
309
3256
263
292
301
295
292
315
295
265
290
301
275
270
276
285
303
269
318
300
285
292
303
276
295
9202
260
282
285
316
276
279
329
282
258
263
254
292
285
274
326
277
279
294
306
283
279
296
281
307
290
263
307
348
267
268
317
294
255
258
272
301
276
296
291
307
269
305
255
311
301
296
317
317
290
287
319
328
285
298
347
312
260
306
307
315
326
267
274
3199
276
308
312
297
278
286
336
299
276
291
287
316
284
289
350
299
289
298
290
276
290
265
293
305
317
278
288
280
301
270
284
281
277
294
269
8641
257
278
299
316
269
299
322
295
304
285
292
306
314
279
276
281
293
273
304
312
286
266
311
313
315
263
279
284
302
293
271
278
278
279
316
302
276
300
313
301
305
266
314
333
286
292
288
3233
262
258
334
268
302
291
310
278
285
313
307
271
317
279
270
277
280
290
298
308
302
275
292
298
280
260
303
316
294
275
339
303
257
289
327
324
274
293
278
293
256
277
272
292
296
327
277
318
270
300
325
9802
267
282
311
302
269
313
319
271
293
291
307
283
307
317
323
290
280
311
300
271
304
279
310
269
299
301
280
317
277
319
299
318
274
292
329
304
300
339
276
3245
277
321
317
291
270
282
311
282
295
278
318
283
297
261
280
296
299
302
294
277
290
279
274
315
269
296
305
298
296
274
275
274
266
305
283
311
306
293
308
279
298
288
287
295
278
276
277
304
278
3248
289
270
293
317
263
329
275
272
277
9174
271
306
343
290
319
312
324
295
291
304
308
300
309
267
288
281
285
284
299
314
269
299
283
303
261
275
286
311
315
273
323
286
286
296
284
283
319
301
308
314
266
314
270
305
271
281
304
284
280
275
332
300
286
285
273
300
273
290
279
268
287
269
314
315
272
295
289
265
305
307
288
292
306
273
303
312
263
282
303
299
267
276
299
303
273
291
282
297
291
263
272
328
310
285
307
286
269
269
298
9214
283
273
261
270
277
330
290
323
277
285
271
305
265
290
302
296
268
267
276
280
280
305
300
285
296
293
291
259
289
267
287
307
292
281
294
278
287
277
297
264
285
289
344
269
280
315
274
278
301
3252
293
308
297
284
295
288
292
245
269
292
301
293
256
298
289
269
287
281
298
296
326
257
314
312
302
285
330
293
278
298
288
320
258
303
300
265
265
281
259
287
297
302
311
260
280
264
266
265
286
9158
290
258
269
311
291
281
289
295
269
272
277
259
281
293
271
260
286
259
262
298
248
291
285
295
250
252
277
264
274
268
284
306
295
250
284
295
273
279
270
262
304
259
320
251
275
292
293
273
295
277
313
273
300
250
288
275
261
297
268
259
292
294
289
265
282
259
294
271
321
261
269
263
253
254
267
270
256
260
312
267
245
261
247
287
263
305
253
290
251
245
3201
303
301
259
269
255
281
255
266
9204
260
308
269
308
302
273
296
272
256
292
279
283
270
298
298
269
292
267
295
322
268
284
278
319
324
306
313
314
277
304
301
297
279
312
304
336
293
314
279
308
307
305
315
309
282
302
310
292
283
306
311
285
305
319
307
299
3222
291
301
315
270
282
263
277
282
312
274
322
266
279
281
279
3269
280
298
312
303
294
332
305
276
312
327
290
265
308
299
284
312
284
295
320
263
276
331
305
272
262
270
9091
297
324
312
282
328
312
308
377
311
287
316
298
304
301
320
272
278
312
312
308
269
319
274
309
264
326
288
306
263
284
265
291
289
265
310
314
264
295
265
301
282
260
295
290
282
277
304
315
300
291
308
306
307
282
271
278
285
289
273
269
283
269
297
296
309
286
282
261
301
269
275
298
308
3215
271
272
283
299
274
302
303
294
302
281
298
266
271
276
275
306
286
291
271
283
310
308
287
327
311
9100
304
292
284
263
276
296
265
262
292
265
270
251
255
260
269
268
264
282
275
286
276
286
282
290
296
278
290
335
251
299
296
286
258
298
290
308
274
263
260
267
291
261
304
265
288
278
306
314
289
280
311
3247
304
3213
275
322
318
289
258
314
305
258
290
296
265
269
278
266
277
284
296
274
302
331
255
281
274
282
285
307
295
298
282
272
298
250
263
302
287
266
278
279
261
252
290
256
303
270
264
268
297
269
271
301
273
260
281
248
272
259
271
269
280
280
254
321
321
281
264
275
260
270
302
270
285
304
274
273
291
274
258
314
309
274
271
294
263
277
274
269
292
283
273
299
277
302
273
301
280
311
306
280
279
285
297
252
344
302
299
263
290
296
286
309
304
299
284
267
275
258
318
294
321
306
268
285
292
271
270
282
275
285
275
283
285
297
322
269
285
298
261
266
320
306
290
292
286
295
283
274
299
280
288
270
303
258
265
303
302
288
298
292
312
304
291
300
319
284
288
270
270
271
297
307
294
263
339
284
273
304
317
287
282
270
307
269
299
265
284
297
308
265
283
310
281
319
301
301
299
260
295
330
266
270
289
310
289
287
328
298
307
324
303
321
297
299
299
269
313
270
286
279
319
280
326
291
293
300
268
295
267
323
307
297
293
274
310
324
307
284
293
263
296
270
285
293
307
271
270
8811
283
305
301
305
257
290
279
302
303
310
256
3246
276
282
282
273
245
270
284
290
319
296
320
318
274
288
322
266
270
295
320
322
343
271
317
314
276
268
322
274
284
274
275
291
289
263
300
286
308
273
288
272
264
276
307
276
282
304
310
266
261
299
261
269
289
295
295
277
3212
3207
317
273
273
261
276
299
313
298
299
305
3215
307
333
326
299
284
297
327
299
285
3212
275
3239
256
286
300
311
291
317
9066
289
295
323
279
282
265
289
302
276
333
339
291
292
275
297
270
368
294
302
272
275
259
273
276
297
258
281
3251
287
296
312
295
294
261
299
271
287
280
306
304
316
300
290
274
321
278
309
321
294
285
296
270
289
280
271
298
289
287
344
304
299
297
301
298
294
298
303
334
3229
313
294
314
316
296
325
299
270
305
314
330
259
310
277
322
285
271
267
278
293
273
279
315
295
295
284
305
311
268
288
9602
310
284
280
310
270
271
280
325
312
307
331
278
303
269
299
304
311
274
320
261
267
253
272
284
301
288
275
302
293
304
302
278
292
296
296
297
291
327
312
342
294
306
289
312
298
279
269
304
285
301
296
304
365
309
292
304
318
315
302
307
291
318
299
311
339
301
300
295
264
273
323
328
303
267
310
288
3241
311
324
333
307
267
292
311
280
332
259
3239
308
273
271
325
278
328
316
289
294
326
268
8847
3208
280
310
275
263
269
106
263
286
98
104
99
265
292
104
103
271
270
111
103
104
106
306
265
279
274
105
262
113
243
240
105
112
275
113
237
282
104
271
266
268
241
273
105
270
104
109
3032
280
250
288
259
250
244
280
101
258
277
288
116
118
99
111
103
109
126
111
106
106
272
276
263
109
110
267
107
114
107
269
112
111
119
269
107
243
278
103
105
107
107
113
99
3214
278
105
284
272
274
272
9205
310
329
299
313
296
312
305
293
313
339
281
326
296
280
324
297
300
307
297
307
296
326
298
325
287
304
265
295
307
279
291
297
299
289
320
294
447
331
280
308
302
321
3250
325
305
342
299
300
315
329
304
326
316
312
302
324
296
327
344
305
279
296
311
314
271
322
332
359
308
320
309
320
277
330
304
280
305
375
323
315
310
298
313
302
318
304
302
313
298
318
324
302
287
285
306
295
297
297
297
9105
321
268
284
326
279
326
284
304
271
298
272
305
276
309
257
282
277
284
331
328
304
300
312
334
303
307
306
312
302
295
304
311
301
275
307
306
298
265
276
314
298
275
316
282
309
289
319
316
278
331
345
322
291
313
333
306
286
311
314
341
305
355
302
324
301
262
325
312
277
330
260
300
267
278
301
307
275
306
315
299
291
311
286
277
313
273
290
316
292
297
316
293
319
305
315
321
306
304
300
9158
284
326
305
339
299
315
313
277
327
288
297
298
305
297
299
324
306
291
308
298
307
295
284
325
308
288
3231
298
319
337
282
291
301
290
340
281
284
317
316
324
291
302
330
283
295
304
302
339
308
321
308
295
332
290
321
300
303
298
292
327
265
315
321
291
325
310
339
305
332
302
296
315
332
288
280
271
311
301
307
289
306
305
302
278
319
313
321
263
318
313
299
316
305
312
319
292
300
307
305
9244
282
315
311
319
310
288
293
282
278
304
302
311
267
297
277
311
262
295
315
339
294
3197
301
307
325
303
303
256
317
316
310
300
309
295
338
305
339
316
313
282
310
307
301
325
299
292
304
317
286
332
290
298
266
321
322
302
273
292
271
270
304
281
261
286
310
324
3227
297
323
295
301
306
337
286
292
289
326
298
307
306
320
288
298
293
261
268
280
271
269
336
266
306
310
315
298
3272
311
300
287
8501
269
284
307
282
285
309
292
3235
298
297
289
286
274
271
278
284
335
324
272
293
280
274
276
309
297
296
283
356
300
292
307
297
297
273
281
297
304
319
327
260
324
264
290
259
270
262
307
299
318
286
280
322
262
260
250
267
256
290
308
271
3232
263
315
334
274
265
267
273
303
293
284
323
277
282
306
3243
260
312
330
271
265
297
311
298
316
291
307
279
299
295
262
272
315
285
322
308
288
293
323
9400
294
290
314
319
299
276
298
311
298
301
270
304
342
291
300
294
303
310
275
288
283
272
310
359
298
293
319
280
308
305
289
293
284
283
306
306
287
324
294
284
278
296
297
287
313
303
349
317
316
290
300
291
312
299
322
300
287
312
314
308
292
302
313
288
307
302
337
302
332
304
316
289
313
313
299
336
277
298
298
336
284
300
312
322
301
325
312
317
279
339
281
280
274
275
294
304
284
301
323
9272
305
291
300
335
288
300
295
296
309
330
261
293
277
291
295
297
273
307
328
289
297
263
292
277
295
314
289
307
327
295
297
344
296
325
303
308
287
311
300
327
292
296
303
313
311
297
287
311
291
340
282
328
3226
281
283
326
307
304
307
303
305
388
306
309
332
305
313
291
314
261
313
298
299
329
314
339
309
311
309
291
273
287
292
307
300
293
277
281
301
307
309
330
296
304
288
324
300
300
289
9174
327
311
300
308
281
297
289
326
266
298
302
273
276
341
260
301
275
297
331
312
306
288
312
299
337
296
304
281
286
287
306
297
288
293
323
289
317
305
306
284
324
313
301
306
328
317
275
283
289
268
297
309
325
321
273
301
302
299
297
295
303
297
304
309
348
331
321
308
298
276
296
304
319
327
3216
314
290
324
312
304
291
293
300
310
332
336
287
305
314
327
308
310
285
331
324
280
311
307
308
314
291
291
319
307
299
263
311
292
293
293
313
289
323
310
301
306
287
313
291
301
291
284
259
256
301
319
282
283
282
260
266
266
334
299
285
287
291
307
293
303
262
291
295
259
314
300
324
299
302
324
311
306
310
339
281
297
295
336
302
280
280
296
284
324
283
298
292
318
283
286
277
332
254
303
293
292
296
314
313
318
295
312
323
290
282
358
274
281
270
315
272
299
296
284
264
273
311
309
3227
9102
302
287
274
262
288
315
287
334
308
319
336
297
316
316
275
324
279
326
284
328
331
258
322
324
320
305
319
316
310
320
310
304
334
309
316
301
283
288
291
315
295
307
332
302
315
322
332
318
290
317
304
308
329
293
309
334
327
273
322
273
276
292
297
307
266
319
313
313
266
300
304
288
314
310
300
306
289
286
311
338
280
280
257
306
339
323
344
309
316
340
307
321
288
291
295
276
309
371
303
288
303
273
306
291
298
290
307
307
323
307
328
318
333
309
307
293
323
312
309
303
305
345
300
284
271
285
284
285
297
259
271
291
318
290
276
281
304
303
297
306
261
313
275
287
346
301
294
290
303
300
308
305
284
322
304
296
330
318
302
307
308
312
322
283
320
302
303
279
272
303
294
270
306
307
301
311
3204
301
293
332
281
298
301
288
311
308
298
292
298
295
316
298
293
307
285
311
279
276
420
310
272
284
308
307
306
266
309
262
297
313
297
307
324
303
327
310
331
317
295
3249
291
312
324
316
323
312
315
324
316
310
310
3249
3206
309
292
295
3247
285
297
315
312
3245
3223
310
313
308
297
293
306
282
272
269
311
288
266
288
281
300
277
299
312
3231
3198
3203
313
301
337
271
278
324
303
283
296
318
311
278
310
306
282
320
316
305
287
297
268
311
259
343
301
294
303
280
317
272
302
296
298
326
336
8898
305
316
324
322
290
334
321
299
293
313
3212
320
308
323
269
299
327
315
320
296
316
312
322
308
311
345
304
315
302
305
295
313
280
309
306
293
296
303
294
345
264
309
308
337
303
268
315
304
298
313
327
306
316
268
295
318
330
297
307
306
323
302
309
295
281
292
336
317
292
266
417
289
299
281
274
289
342
271
318
335
299
307
293
292
271
293
313
284
311
291
307
268
324
305
308
306
303
309
303
331
288
274
302
375
292
321
282
307
302
291
308
308
329
300
300
306
285
322
314
329
283
315
351
280
267
270
254
305
293
267
287
285
310
300
320
297
312
330
308
280
308
290
312
305
300
308
267
265
277
310
267
280
266
312
307
276
313
282
269
285
313
293
278
274
266
282
260
274
298
262
292
304
310
293
317
308
287
303
303
306
312
320
301
311
314
286
310
285
288
368
332
296
326
330
307
317
296
303
281
9391
284
301
251
290
308
262
295
301
299
307
303
299
338
309
305
289
287
292
289
274
317
296
320
355
267
308
299
310
309
300
277
292
322
307
306
298
295
306
293
296
304
301
298
269
295
307
298
300
303
304
296
332
284
293
317
315
291
286
267
309
341
292
287
298
282
312
292
331
308
320
261
287
261
301
369
319
274
271
325
310
316
267
303
255
277
299
312
303
300
307
300
267
304
305
281
284
268
300
294
8498
320
3221
3215
298
291
300
276
286
325
298
300
312
312
269
305
306
288
276
324
246
278
309
284
302
306
304
293
305
267
277
296
283
256
317
312
300
288
278
299
273
299
312
295
274
298
292
299
286
284
3220
279
297
294
279
281
309
3191
302
302
317
296
299
307
303
294
316
306
300
290
298
286
281
302
312
284
361
329
287
316
307
290
290
299
338
286
312
274
285
294
275
300
319
292
274
3243
312
300
328
284
6040
278
266
314
303
312
279
333
297
329
321
275
308
311
277
311
318
319
308
342
317
268
303
313
313
311
313
293
311
306
315
285
283
311
277
328
326
298
337
317
278
307
282
313
313
295
312
315
321
314
306
329
303
313
279
318
313
340
285
289
295
289
290
310
305
311
334
328
324
312
296
311
287
282
289
305
357
323
303
313
323
299
273
278
297
303
321
307
319
291
313
310
304
318
300
295
261
420
311
308
9186
292
288
328
293
309
332
275
291
315
302
282
281
289
289
315
314
289
288
325
272
291
280
314
309
266
296
317
315
288
314
295
281
289
278
316
297
319
280
328
305
291
310
330
321
267
302
339
302
297
318
316
302
266
299
313
330
310
272
278
272
296
312
292
3223
320
3241
316
327
344
319
313
321
270
318
311
301
302
273
296
284
309
326
308
294
314
310
299
280
312
303
305
3224
290
356
331
319
306
304
309
9157
313
318
291
287
267
282
320
272
306
313
290
276
268
297
307
305
285
289
317
258
284
275
315
304
327
304
323
287
301
300
306
301
287
274
295
334
301
280
302
297
311
295
283
364
300
302
315
282
286
268
305
301
264
264
272
310
274
312
297
305
297
275
320
284
285
304
300
288
285
284
293
295
285
287
281
316
258
309
309
346
266
310
293
302
293
282
311
320
270
286
338
300
306
307
300
303
277
271
278
4001
270
273
308
297
286
312
300
301
286
273
318
285
300
303
275
323
323
307
293
288
286
291
296
316
278
275
273
303
302
266
263
297
330
284
276
305
296
306
305
311
277
298
298
285
294
268
275
264
260
277
271
252
276
280
293
316
266
260
287
268
277
263
317
311
276
334
261
274
295
312
289
271
272
281
287
297
277
309
297
311
288
289
280
341
287
312
282
312
284
257
294
292
266
274
305
267
293
293
292
9066
319
292
277
325
309
307
307
295
321
303
304
277
296
317
264
305
337
304
302
322
299
302
316
292
276
304
318
3209
303
315
297
283
288
259
300
321
283
294
293
265
295
295
263
305
315
306
328
324
301
322
290
311
311
319
307
303
303
296
297
300
262
266
326
277
318
309
275
315
296
281
311
272
275
322
300
267
266
271
339
300
310
269
255
332
318
331
312
320
307
292
283
323
278
297
296
333
276
299
289
350
322
299
305
335
329
327
317
317
8941
316
314
306
347
269
268
310
342
311
317
324
314
305
305
308
324
312
319
336
332
293
283
340
272
304
308
294
305
300
286
322
298
311
315
291
323
289
348
331
296
308
299
297
287
330
297
349
276
285
3205
309
284
276
302
309
286
323
289
312
285
295
3235
266
303
285
299
279
274
280
286
280
292
300
305
293
332
340
303
323
292
321
280
276
255
287
303
268
312
318
291
8994
296
288
277
334
311
326
294
310
268
301
304
280
272
294
275
297
349
296
311
277
276
309
312
280
297
289
315
311
315
331
299
325
361
314
304
306
296
325
311
324
310
276
311
291
299
331
297
355
285
305
269
320
317
286
304
311
305
285
317
313
284
348
308
254
309
310
320
266
303
272
330
302
276
326
316
289
300
325
323
288
321
3259
294
287
283
344
3248
284
294
291
286
328
281
304
273
270
341
285
324
9225
303
321
309
293
373
314
284
317
295
284
304
300
305
294
313
289
295
302
295
307
326
356
324
343
327
335
281
280
308
335
289
314
299
297
305
285
302
338
313
318
327
303
296
297
292
302
326
305
337
330
313
294
287
327
287
287
312
335
310
292
295
321
316
310
309
305
298
305
295
322
307
288
377
333
279
332
291
306
286
317
289
291
310
300
332
327
311
317
264
334
321
305
309
281
317
272
324
316
285
333
320
295
331
277
303
343
304
278
296
300
324
296
306
359
306
304
282
287
309
298
309
313
288
291
331
304
310
304
296
309
325
308
291
309
317
290
273
317
345
265
303
313
321
277
297
295
3244
284
340
336
279
313
289
391
289
287
292
277
265
302
291
318
313
286
296
321
300
3243
272
312
289
320
277
304
296
315
271
308
253
344
278
287
302
334
284
290
273
298
286
292
315
310
264
320
283
264
337
310
303
9024
294
259
332
307
298
268
276
278
275
281
314
300
327
266
282
297
320
313
293
299
318
306
324
304
299
299
303
296
292
330
326
289
303
308
298
303
275
294
309
293
313
294
340
311
314
284
278
279
299
301
315
279
279
290
278
299
302
277
287
330
306
309
308
311
265
277
315
303
297
295
297
292
311
289
296
315
326
291
299
286
311
296
308
336
300
290
319
264
277
343
311
309
329
310
329
274
300
292
294
9185
306
309
302
298
287
323
314
310
263
310
292
319
296
324
283
272
271
280
306
336
259
310
269
319
304
308
264
303
306
265
291
301
296
320
281
338
302
3233
292
292
267
311
264
267
307
282
295
291
301
293
323
302
273
319
287
301
287
287
313
293
344
326
361
302
289
302
3243
318
327
315
315
324
303
296
300
323
299
298
336
286
3211
291
264
1088
315
3210
302
294
329
292
312
311
290
271
270
291
316
308
328
309
267
292
288
271
277
339
286
261
292
294
285
320
317
299
277
301
300
314
310
293
313
285
270
300
291
325
283
275
306
274
334
290
284
299
313
271
306
264
277
285
314
302
322
297
302
436
307
271
3213
279
300
281
294
290
320
317
310
280
311
299
290
275
294
283
305
253
278
288
269
3218
261
280
299
273
288
298
314
284
288
291
285
292
297
304
317
285
289
272
312
293
318
304
287
303
308
295
277
301
255
288
268
299
316
295
326
296
277
281
332
282
299
294
288
260
278
286
294
280
263
311
312
257
303
281
312
303
298
298
334
308
266
308
297
287
330
337
288
334
258
315
307
281
307
280
290
290
316
269
348
277
315
3235
299
306
300
296
285
331
279
314
312
307
314
296
302
312
299
334
313
288
326
296
3207
291
299
287
261
268
307
318
301
308
312
293
305
305
306
273
292
274
296
319
296
306
278
315
293
267
315
9290
338
332
319
282
300
294
311
305
324
296
290
321
277
273
340
274
311
268
260
274
279
269
277
268
312
266
3243
277
301
342
305
291
311
308
278
323
294
317
293
301
293
295
324
317
313
309
310
293
280
320
281
301
306
297
293
312
294
286
304
297
311
303
280
310
306
336
281
302
308
300
300
305
304
303
337
321
296
311
279
277
303
297
305
277
306
321
260
271
284
319
291
294
302
300
302
276
307
327
275
9186
317
308
317
307
331
310
291
294
310
288
282
325
331
283
316
322
270
317
342
319
317
310
320
284
298
297
344
267
301
302
269
294
326
266
321
303
271
326
279
316
271
270
265
288
292
270
307
255
285
301
302
314
323
304
317
315
306
307
306
265
296
264
270
304
318
324
272
290
283
282
316
268
265
300
305
303
271
300
279
295
313
265
296
292
293
269
292
284
273
288
346
265
307
299
301
291
294
331
293
8648
300
281
292
315
299
274
303
274
287
310
326
341
291
319
321
286
278
309
300
315
298
331
301
310
279
291
308
323
266
268
298
258
308
337
304
271
307
269
286
297
271
282
269
281
278
262
302
321
271
297
313
289
295
300
314
324
285
306
309
318
319
355
289
280
298
294
299
278
255
3241
286
291
343
289
266
300
324
291
286
327
334
301
308
298
316
325
290
303
307
310
278
318
289
277
285
278
323
313
318
313
300
295
271
268
307
270
311
304
318
341
274
303
318
335
301
299
298
303
314
295
308
303
3228
295
269
271
291
311
273
315
293
298
331
350
326
278
299
299
298
309
307
339
315
297
353
309
283
281
266
265
319
312
267
301
299
319
336
314
304
332
292
299
309
311
306
315
295
302
311
337
298
318
310
269
310
335
317
263
312
311
301
320
327
309
345
298
296
273
316
302
296
329
272
314
293
305
296
310
264
8989
300
266
279
285
291
290
286
287
274
269
285
289
274
297
287
291
263
256
269
267
261
297
260
254
253
262
272
284
285
270
314
288
250
250
294
275
341
280
288
251
253
297
291
264
269
279
304
305
295
272
313
268
243
255
284
307
257
268
256
322
282
281
320
283
280
291
275
264
252
252
284
282
270
267
320
276
255
304
301
282
281
284
254
304
272
251
308
248
287
282
301
278
256
281
272
289
263
280
274
9015
308
279
324
312
279
287
319
262
293
328
289
284
299
292
283
268
292
309
276
279
276
304
314
315
307
315
286
318
294
296
276
287
318
294
266
256
273
318
299
309
290
337
328
287
278
308
312
277
299
301
309
312
255
298
302
265
266
258
277
318
279
289
297
277
305
324
316
272
307
275
296
284
308
314
263
295
281
303
308
315
300
295
293
275
273
298
283
269
308
302
337
306
314
311
318
294
307
316
290
9186
279
294
323
305
264
285
269
261
270
281
272
280
286
337
300
300
297
265
265
257
264
285
277
306
268
310
281
276
306
277
287
297
254
258
299
285
269
295
332
295
295
294
316
265
269
256
274
305
287
290
367
294
299
288
304
268
271
288
303
284
277
281
307
316
289
299
291
289
287
283
277
262
287
267
280
322
256
281
300
304
302
274
282
306
276
284
289
264
267
290
300
274
280
274
272
294
288
307
267
9008
297
341
281
300
291
299
301
316
325
273
294
308
3211
290
337
278
303
283
285
272
308
278
3241
293
3225
270
290
298
268
300
315
301
265
303
278
255
299
266
317
320
327
275
281
327
321
297
343
297
305
320
282
263
268
295
307
275
308
270
266
278
286
310
373
261
311
280
302
258
261
310
311
266
320
301
301
265
273
268
332
291
317
329
319
269
304
275
299
263
263
291
282
251
294
275
283
306
273
283
312
8785
276
286
334
308
296
9190
304
294
282
284
281
309
318
293
299
284
278
299
288
317
316
302
309
317
313
307
287
313
323
314
284
304
312
276
303
272
315
352
281
298
311
291
306
305
331
307
309
271
477
286
274
306
290
305
285
301
290
339
301
323
633
274
296
275
289
275
289
318
291
301
294
274
270
264
321
285
342
274
303
284
331
281
260
300
280
303
299
320
289
297
297
287
310
276
286
322
269
266
302
9019
320
309
275
279
301
305
308
316
329
324
292
331
299
300
305
316
309
275
306
335
309
305
301
300
296
365
323
310
323
263
290
323
313
308
340
307
297
288
318
307
280
311
345
294
318
313
307
309
316
312
313
314
304
292
317
319
302
310
290
330
317
308
289
271
257
300
364
307
310
331
309
328
288
299
275
320
313
309
292
302
311
324
1068
307
339
301
309
313
306
273
338
309
327
305
317
287
281
294
276
8599
3228
286
301
292
292
290
8983
319
317
272
307
272
258
325
276
294
274
292
291
320
301
328
331
257
308
302
308
316
314
299
279
311
313
303
289
282
310
305
300
314
295
313
279
287
312
334
301
262
298
298
3238
281
292
334
323
324
332
3227
310
288
266
300
290
329
317
312
281
295
298
322
291
307
347
313
290
312
301
333
330
295
334
299
301
372
318
324
301
264
303
274
312
276
302
303
275
292
295
362
284
290
319
300
309
309
310
278
284
308
289
302
294
298
306
344
309
266
338
272
299
273
294
280
253
3209
307
300
262
274
289
294
320
269
281
267
311
289
301
325
277
293
312
298
334
323
325
305
320
310
301
297
340
291
255
270
273
268
344
3206
316
304
3414
307
287
306
314
296
308
323
283
285
302
329
276
302
277
289
269
323
295
3204
306
277
261
305
271
264
266
297
309
305
299
275
285
292
277
328
276
294
287
9346
311
289
308
309
289
279
314
293
313
329
286
284
3204
301
292
304
268
312
316
266
291
307
292
268
312
331
293
330
311
311
308
291
289
298
289
290
277
275
303
328
316
301
312
275
313
276
293
306
322
306
320
312
321
305
305
291
326
308
306
336
282
283
318
300
275
319
290
354
296
271
276
300
311
266
328
274
321
285
324
315
264
342
296
320
288
284
317
299
286
303
307
301
310
299
354
334
287
285
275
9219
301
279
337
307
314
309
314
274
281
289
331
317
310
302
284
286
379
270
292
287
292
316
314
267
279
268
309
286
295
290
332
320
325
292
310
297
275
303
297
316
297
279
289
304
335
267
314
360
288
297
298
273
288
270
303
311
282
284
335
325
316
291
310
313
292
297
311
292
303
291
310
326
305
281
326
282
301
305
293
271
322
324
291
318
300
326
308
277
306
275
293
327
282
313
322
320
297
299
300
9209
327
302
331
297
298
323
301
300
297
301
315
331
286
316
280
348
300
300
301
304
316
301
314
300
266
285
283
314
266
302
307
320
300
324
300
300
284
3251
300
259
305
283
270
296
272
310
269
338
301
298
316
308
282
317
274
312
300
3224
312
274
343
312
3246
266
320
307
269
298
311
297
271
316
311
266
273
307
271
290
289
295
301
265
303
285
303
303
323
281
310
284
307
291
304
286
314
271
306
275
295
8484
256
282
282
333
293
296
300
305
263
326
329
278
272
277
302
262
308
295
307
283
3215
269
339
302
294
302
286
292
293
289
298
286
272
283
314
274
283
266
285
271
276
255
294
294
318
291
298
309
289
272
314
292
303
275
3185
270
285
307
301
266
293
306
288
290
304
288
286
280
278
3228
273
297
3194
296
289
283
295
278
311
304
284
260
288
283
271
294
294
282
308
294
284
314
284
277
270
298
299
281
261
9309
297
285
284
276
3238
301
307
318
345
312
317
296
316
308
319
303
292
314
334
285
316
290
301
335
302
306
302
347
283
260
275
335
322
281
286
309
288
283
287
306
283
291
267
296
287
304
319
309
294
279
286
290
271
303
308
344
319
281
307
284
300
302
303
313
307
312
321
314
294
274
315
293
354
313
276
3242
316
307
343
302
311
326
315
314
322
282
321
307
307
320
300
298
324
298
340
288
308
280
335
9853
288
273
268
263
286
308
310
279
294
290
306
298
272
314
294
330
294
312
304
323
300
314
310
328
339
322
311
290
288
321
312
311
305
297
313
280
286
302
275
299
292
291
329
271
294
313
296
307
317
343
300
301
277
299
307
287
286
280
304
274
308
288
300
287
291
335
301
287
265
319
343
324
273
295
294
304
312
301
301
276
283
280
272
305
318
293
304
276
311
284
312
271
316
313
321
306
315
310
303
8902
284
271
280
278
306
309
330
268
323
302
322
306
602
296
306
310
304
278
292
327
301
323
319
292
266
283
300
300
283
297
275
283
307
299
311
336
293
307
315
296
312
302
299
294
322
307
309
317
283
327
311
319
307
289
317
298
291
310
294
283
326
288
368
310
314
292
303
264
293
275
300
301
289
298
350
325
297
314
296
318
307
295
281
313
283
307
305
302
300
294
295
327
300
301
275
262
315
305
272
9057
269
262
310
278
304
306
300
246
316
326
279
281
340
301
315
263
304
280
305
296
278
277
304
310
279
312
323
309
318
306
282
296
311
280
307
312
301
299
300
283
311
281
267
266
271
277
328
295
264
278
288
349
298
267
296
529
317
284
308
307
277
260
302
289
296
293
295
265
294
299
307
331
302
278
317
270
306
321
3232
263
321
330
276
319
301
300
311
292
303
308
283
265
286
262
350
302
274
333
306
8881
310
307
281
290
304
307
302
273
287
302
284
254
307
311
340
334
269
285
325
313
263
301
292
308
324
311
311
273
292
310
284
306
268
292
307
265
319
337
273
288
301
282
282
317
282
288
325
320
338
268
320
296
336
304
304
288
290
288
294
295
268
269
363
302
303
287
286
295
298
269
325
361
269
297
304
275
314
299
285
310
307
303
300
319
256
292
292
311
308
288
298
270
328
463
276
312
302
299
295
8762
304
298
300
274
310
321
286
313
300
308
288
298
264
310
281
262
283
301
309
336
280
297
325
264
291
256
292
259
314
280
312
307
320
252
285
300
331
332
306
275
274
290
320
345
308
295
308
275
313
302
308
306
311
301
328
304
335
340
307
278
300
274
293
3211
310
306
305
317
316
305
3252
271
295
326
292
311
281
278
285
337
290
325
286
289
278
301
285
285
331
304
353
290
265
291
268
270
330
297
305
9199
337
348
287
312
287
295
278
281
276
266
337
329
274
266
277
302
283
280
315
344
307
312
328
330
284
275
271
302
316
326
309
319
311
323
345
278
313
288
319
295
268
276
305
294
324
269
298
330
329
313
313
343
307
325
333
290
299
312
310
302
310
269
301
317
287
289
329
301
320
320
337
271
275
284
314
317
297
317
329
293
313
316
329
320
281
319
272
353
315
278
341
308
309
318
299
336
282
312
312
10187
364
312
324
328
298
286
339
319
274
436
311
290
305
332
281
312
309
318
305
301
305
329
277
285
285
295
285
284
326
302
274
284
270
297
268
325
270
282
277
307
315
343
328
272
276
259
293
274
301
303
287
308
258
281
297
275
274
313
301
293
268
299
291
268
268
308
306
273
269
310
281
302
280
303
291
277
308
304
276
289
311
302
276
284
286
314
299
301
268
284
293
259
308
285
303
310
268
338
331
8987
317
3223
262
277
278
287
268
293
316
283
297
274
304
303
271
297
268
286
268
304
274
289
297
327
285
295
294
300
314
300
317
311
311
303
306
316
302
309
271
301
300
299
292
280
291
303
274
275
310
307
319
304
290
296
306
279
294
300
288
289
296
307
276
286
287
312
295
274
306
299
295
285
294
307
313
304
299
321
309
299
297
303
284
302
295
290
282
304
315
275
333
316
317
296
267
271
287
275
284
9230
311
311
349
334
290
294
481
307
311
315
303
321
308
304
311
272
263
326
309
307
336
327
313
499
562
363
324
300
305
303
310
287
289
306
302
325
317
312
333
332
274
3223
273
309
269
270
309
339
326
301
323
309
302
320
315
310
288
363
327
324
332
314
289
305
305
311
319
315
325
298
322
325
285
307
313
297
302
323
307
313
290
339
274
299
302
285
295
315
315
331
295
307
307
307
307
301
325
308
314
8617
285
295
282
285
299
296
317
287
285
284
287
272
3224
287
276
336
279
251
283
320
287
290
318
302
313
267
262
288
281
295
308
293
273
288
285
279
286
304
293
285
287
308
298
320
316
311
306
298
322
313
294
304
305
298
284
288
274
270
279
289
285
295
309
299
310
287
300
310
288
316
276
286
305
299
283
322
299
268
288
291
296
277
286
288
289
267
3245
293
285
315
313
3211
283
309
295
258
285
309
291
8669
268
286
301
302
265
330
363
277
294
298
296
290
289
290
322
265
305
294
310
309
300
3234
311
316
338
277
297
276
317
280
294
312
282
290
307
300
300
307
300
278
307
268
278
267
2805
282
252
284
288
275
280
342
279
250
293
288
302
247
254
259
322
331
295
323
328
297
304
311
302
280
277
306
296
305
260
291
298
299
301
311
308
291
330
322
281
277
273
289
287
284
3228
327
285
323
284
287
287
304
335
9598
343
265
294
276
270
296
306
303
258
303
264
316
298
289
337
318
284
292
301
286
300
299
330
299
309
292
264
309
299
308
314
282
296
291
293
303
291
303
310
308
302
272
305
295
295
308
308
323
315
309
305
312
275
307
283
296
264
314
295
3238
299
292
288
303
268
286
280
294
262
325
308
284
321
304
294
321
302
297
320
312
274
263
278
309
282
268
285
334
326
316
301
274
321
320
329
303
320
302
305
9041
287
302
261
295
272
274
308
274
297
344
310
305
313
307
311
264
287
293
319
301
289
268
309
270
293
256
316
275
304
312
323
273
313
276
297
278
270
296
325
323
283
276
276
291
267
260
304
316
295
285
322
261
299
321
301
323
286
316
287
306
303
289
320
289
308
298
299
293
259
256
270
295
282
285
309
256
263
317
284
260
305
3215
275
277
309
286
290
324
298
306
303
317
265
302
3219
300
274
305
271
299
274
313
306
293
309
270
300
282
293
284
308
305
272
307
304
274
308
274
267
305
303
311
274
263
286
322
280
273
310
320
314
318
289
330
3215
280
321
304
286
305
284
299
298
309
289
300
276
280
298
296
280
319
282
302
273
314
268
320
313
309
288
274
309
304
292
331
277
3268
296
266
317
308
305
279
292
318
310
309
302
285
333
297
296
266
315
274
312
338
297
299
346
299
281
291
297
311
294
288
298
8915
297
300
320
295
310
284
302
328
302
299
291
258
285
261
281
305
309
284
299
295
308
308
314
295
281
287
268
280
299
285
336
275
295
320
321
302
341
299
303
313
325
314
334
329
308
303
324
306
320
267
285
302
304
314
279
327
319
269
286
315
346
296
318
297
319
290
321
310
307
289
313
272
298
319
310
318
317
306
282
310
316
285
325
291
307
288
281
307
298
281
322
304
359
286
310
312
320
322
324
302
289
293
323
338
325
273
333
310
274
268
322
275
298
291
279
304
299
288
283
267
308
276
301
294
309
294
276
312
310
285
306
306
317
302
282
290
301
295
301
297
302
306
319
298
286
284
344
303
311
274
336
337
290
304
302
320
283
307
320
271
260
306
309
293
322
278
292
311
291
309
276
293
308
3249
270
285
357
292
292
291
296
293
282
279
308
274
270
302
282
303
310
317
323
314
300
320
267
314
296
9053
296
275
360
307
260
258
280
270
282
299
281
281
269
316
355
313
292
275
295
288
272
345
330
331
338
307
303
272
309
292
329
294
289
378
301
301
309
325
281
309
296
306
306
323
324
277
302
312
286
275
283
306
282
341
3214
322
297
300
298
316
265
305
273
3258
292
291
295
270
267
331
267
310
298
305
304
317
285
320
346
280
292
313
300
300
309
313
268
300
282
290
312
334
304
297
294
320
286
298
321
9347
285
340
279
311
308
286
338
308
277
297
282
276
276
265
276
323
315
3239
311
265
276
312
316
295
316
305
265
284
277
283
278
279
298
312
273
278
308
282
303
290
312
300
310
305
333
277
273
281
318
309
304
327
323
331
315
330
287
318
317
310
299
280
300
260
327
305
306
299
298
278
266
299
305
318
281
298
266
286
273
271
330
311
302
349
308
307
311
3256
307
310
329
281
310
309
324
306
291
322
310
9347
300
312
362
332
323
308
314
3236
304
293
311
334
337
297
303
305
272
317
343
300
280
313
363
305
283
289
292
293
294
311
297
278
339
293
316
319
306
299
310
299
264
308
328
276
290
336
329
311
286
277
310
326
281
297
318
304
288
329
360
314
333
317
280
282
302
273
279
332
303
294
313
275
315
3250
298
300
305
291
266
270
317
325
303
314
307
297
299
315
318
318
302
300
278
309
293
321
273
282
311
8387
274
258
277
261
298
342
303
299
267
275
272
332
262
281
287
313
312
281
270
320
302
288
265
309
300
277
266
315
275
268
275
265
273
290
319
313
3231
279
298
297
314
275
298
376
309
274
294
342
334
284
281
298
320
299
288
276
315
295
283
293
290
272
268
252
280
303
299
275
304
276
331
314
3212
314
318
352
294
272
298
295
298
314
265
309
302
268
336
311
304
281
295
339
294
265
291
286
310
276
291
9012
296
308
266
275
353
296
322
309
292
3255
272
308
318
300
290
316
308
318
282
303
277
297
272
306
287
257
291
266
321
317
309
279
314
306
308
328
314
306
333
311
288
300
349
320
312
270
3228
297
272
305
289
306
336
295
274
286
298
340
264
320
313
283
305
323
310
314
318
318
275
336
306
298
309
327
275
307
289
315
325
311
309
306
318
3232
318
304
294
267
291
317
308
315
305
311
302
287
307
278
288
9314
349
315
294
308
327
329
289
284
305
316
331
283
330
299
316
317
300
298
326
309
317
318
331
294
295
347
315
261
296
321
324
312
293
317
306
316
281
309
271
317
295
276
301
267
308
292
303
320
290
347
293
316
269
303
320
304
272
329
306
294
314
313
295
297
299
268
299
295
265
308
328
323
290
326
327
305
312
299
332
323
298
275
368
265
277
308
307
290
328
289
314
298
276
305
319
291
3249
281
284
9036
318
292
277
307
298
266
335
297
303
287
299
330
313
302
319
297
288
294
305
281
267
301
298
305
319
313
335
300
288
305
281
288
288
273
334
276
264
3255
278
298
344
301
283
272
306
296
303
306
289
334
292
307
317
304
293
283
303
298
320
289
315
304
313
300
314
299
310
296
318
311
293
280
318
336
305
313
330
336
295
281
340
267
304
286
274
304
314
312
299
260
320
265
291
263
304
257
301
270
270
8191
277
275
310
289
248
277
306
324
274
299
340
311
301
291
285
272
274
286
294
275
298
291
332
307
306
268
325
268
251
293
292
269
259
274
302
333
287
258
331
254
269
247
300
296
265
266
318
282
296
267
305
296
290
262
300
290
286
272
289
282
290
308
296
305
317
287
303
349
298
299
311
281
300
292
334
300
336
298
261
307
259
297
285
283
285
303
327
303
286
268
291
273
295
264
293
259
290
299
272
9371
303
310
328
314
323
291
287
296
277
298
314
297
297
309
307
296
290
262
329
279
263
309
311
312
268
270
285
312
303
264
294
280
311
316
285
288
3231
305
312
327
312
295
315
347
282
290
287
280
316
312
271
298
344
279
317
320
316
335
319
305
290
288
316
311
315
303
277
307
327
308
322
308
287
285
294
311
311
297
298
309
272
269
315
298
3228
300
319
3248
309
302
3235
272
318
304
280
279
291
3230
310
