Execution time (ms)
7983
263
253
260
276
280
259
235
275
261
261
248
283
277
274
275
291
272
268
288
274
267
263
288
288
274
261
268
280
247
240
238
250
262
247
277
277
267
281
245
264
272
273
267
286
4818
278
275
292
255
271
283
284
284
262
275
262
282
278
226
3073
3084
3077
3084
3102
3076
3078
3065
3091
3096
3083
3084
3075
3083
3098
3124
254
3068
298
3069
268
245
258
274
3063
302
272
3070
291
3069
268
259
280
282
272
245
257
3065
274
261
7700
268
266
272
262
268
245
3060
254
246
246
236
237
249
253
258
249
267
264
249
293
244
241
263
249
236
252
264
238
241
249
258
282
230
3070
252
248
229
245
255
272
233
3066
260
256
265
261
276
254
239
261
253
247
253
254
263
265
263
277
247
251
245
243
249
259
267
255
257
267
251
233
267
275
243
234
254
243
251
256
237
241
254
261
241
257
247
232
260
271
238
240
246
213
242
241
248
269
260
250
256
7828
283
244
245
252
267
260
252
243
252
269
258
259
238
228
261
278
245
250
225
273
239
251
279
220
233
259
261
241
214
251
267
264
248
229
231
261
252
228
280
257
261
260
257
240
257
261
259
259
274
272
273
274
255
238
271
279
258
231
270
255
3072
281
3070
3104
3070
3080
3071
3070
3067
3075
3081
3096
3082
3071
3147
3137
249
265
263
286
3054
261
263
3069
259
251
240
263
249
258
253
274
273
265
277
245
278
279
243
8064
273
258
270
289
264
269
268
265
253
276
263
253
247
250
278
258
253
253
256
265
262
233
3073
256
259
3075
286
269
278
270
272
269
251
267
278
276
262
259
258
250
240
251
257
264
252
266
270
318
302
260
253
225
3061
257
265
268
270
3069
311
324
282
245
252
245
266
242
254
274
256
265
279
275
261
257
243
268
237
283
245
265
245
252
257
275
248
265
252
249
243
263
283
275
255
259
252
253
242
265
244
8204
299
274
255
274
260
258
280
303
244
236
271
259
260
247
252
254
264
246
260
248
248
261
288
284
260
257
270
260
253
258
243
248
258
223
259
270
235
253
240
246
263
224
259
224
254
252
260
260
245
262
258
262
243
253
254
256
239
234
241
256
3059
3067
3061
3072
3071
4360
3066
245
3069
3067
3064
3344
3057
3069
3120
3057
3079
269
3067
289
267
3061
271
275
305
274
253
263
253
263
3069
282
291
279
283
263
265
289
3074
8085
247
242
264
257
283
262
268
253
253
263
256
246
264
262
249
221
252
3066
243
271
250
264
254
262
256
227
274
284
283
276
272
274
271
256
260
252
262
264
266
283
245
261
253
233
3099
225
233
243
261
286
269
247
243
248
239
248
249
250
256
274
267
233
267
252
243
236
259
239
243
261
257
230
229
224
254
259
227
234
257
252
260
282
259
267
276
255
261
251
263
282
244
236
259
281
241
251
234
285
285
8212
270
262
247
280
265
271
271
269
277
255
279
270
266
264
275
269
264
257
238
249
226
240
240
267
250
259
246
237
277
235
251
254
296
268
262
281
264
255
265
239
263
260
249
286
261
260
258
268
260
236
263
278
296
268
270
256
276
248
258
3066
241
239
3058
3062
3182
269
3066
274
243
3066
3073
259
3083
3069
270
267
3069
287
260
263
263
283
243
260
261
259
247
273
227
260
247
256
3074
252
262
259
269
3057
263
7962
277
255
259
242
268
244
258
280
257
268
253
250
262
257
265
280
248
277
259
258
248
251
255
254
235
254
272
233
244
271
286
263
280
258
252
256
263
260
260
284
264
234
267
273
282
263
274
258
261
267
275
260
267
278
265
250
258
274
261
263
279
275
260
269
288
280
249
296
262
243
232
251
247
269
288
256
265
275
3064
260
255
267
262
278
267
270
264
280
3069
260
262
277
251
251
251
260
268
294
265
8214
285
268
276
249
273
258
287
266
267
267
274
261
279
260
269
281
253
275
268
296
278
273
232
262
252
267
258
255
263
282
262
225
236
256
284
254
267
264
245
272
259
270
259
288
3073
3067
3071
3076
270
243
3076
267
3069
3066
3072
281
3068
3072
258
245
255
3072
255
266
274
257
268
265
273
268
253
272
266
257
285
273
261
276
265
272
255
3065
305
268
282
256
277
270
285
269
243
267
265
273
265
256
268
274
253
8038
269
259
270
267
284
282
272
277
262
256
273
273
272
267
278
268
284
251
260
251
271
235
240
260
262
263
263
275
260
239
260
237
253
251
260
245
257
269
271
251
288
276
233
251
277
273
862
275
265
274
265
264
256
261
277
274
278
263
283
268
266
271
270
263
270
243
261
259
281
300
245
254
261
258
260
269
255
258
284
291
3090
246
251
284
277
270
291
294
265
268
277
267
274
284
249
277
261
252
270
7921
282
253
256
262
263
253
263
241
262
218
251
248
261
233
246
253
268
272
279
271
296
246
3059
274
273
252
246
254
275
241
251
3057
264
270
265
262
264
269
3067
3074
262
3075
3077
3068
235
3061
269
263
238
272
266
254
253
249
256
254
244
253
269
272
286
249
241
251
261
240
259
236
258
260
245
231
244
296
256
265
271
243
270
256
262
278
271
256
261
275
268
269
273
258
265
264
241
246
253
264
250
268
263
8140
278
3069
273
274
269
256
273
265
263
280
259
259
269
274
262
275
271
268
232
270
290
278
268
267
268
246
267
248
253
274
233
273
273
270
246
259
264
258
259
241
273
285
269
255
267
255
262
290
274
304
263
233
253
269
274
267
3057
275
266
285
293
288
266
252
244
245
282
262
252
256
267
275
276
267
258
271
281
258
262
281
258
251
257
267
287
277
269
261
269
274
268
276
253
274
266
277
273
281
269
8424
259
264
270
263
260
284
269
288
275
273
280
283
277
275
271
3072
3060
3067
3063
275
265
3069
268
3070
3068
300
275
289
276
289
304
281
291
283
291
280
3069
296
281
275
274
285
269
266
266
263
277
276
266
267
275
289
280
286
271
261
285
278
276
3068
278
276
276
273
290
273
271
276
278
276
275
268
244
261
282
256
278
282
295
276
256
281
271
284
274
321
268
277
273
278
485
280
276
269
269
275
271
260
274
8391
285
273
277
274
257
250
288
3065
282
261
275
265
262
270
241
305
275
277
271
284
280
277
272
268
277
270
274
285
258
270
258
265
258
260
264
269
260
263
285
255
261
268
274
273
269
268
277
275
282
275
266
258
258
280
266
265
259
292
288
282
280
273
243
252
277
278
272
276
280
268
270
279
281
277
281
262
263
267
270
277
255
271
311
247
266
262
235
278
271
259
249
280
284
3073
282
274
258
262
3099
7969
266
270
258
3062
267
268
260
262
251
258
287
278
281
287
275
267
270
258
271
264
265
269
264
265
277
283
262
266
265
276
286
255
270
249
264
274
239
266
287
261
261
267
263
254
223
265
258
267
259
269
261
277
271
273
260
275
261
264
283
289
271
251
265
271
279
256
290
271
263
280
284
240
271
263
254
258
279
261
274
263
281
254
239
270
273
246
271
244
263
237
244
259
270
268
271
265
262
268
267
7955
294
285
282
3069
280
261
299
338
3152
285
260
276
267
287
272
263
266
268
279
280
261
261
274
273
287
259
250
262
3065
270
256
259
253
276
285
271
270
260
271
267
274
276
261
268
260
265
257
251
273
271
271
249
256
262
265
251
262
273
271
253
291
263
272
259
250
269
267
271
272
266
270
265
264
1267
264
3069
266
261
280
270
274
3064
268
231
3067
266
253
286
263
256
246
264
267
254
282
265
256
269
262
8072
270
286
268
290
276
265
274
279
260
250
258
276
286
292
280
279
288
287
274
289
282
306
288
278
289
279
288
290
269
284
284
3064
263
278
263
276
299
282
272
273
274
277
278
272
262
263
273
262
275
279
272
272
280
302
267
310
279
289
261
275
270
289
271
268
268
278
279
276
257
257
271
281
269
258
277
267
277
271
275
262
235
256
265
272
266
287
265
266
279
283
273
289
264
273
283
292
266
272
263
8123
277
285
268
298
269
280
266
257
279
276
281
276
277
265
265
254
278
257
283
274
291
271
275
249
245
262
265
266
285
290
281
255
285
271
250
285
281
265
280
265
257
269
259
279
282
244
273
282
264
345
271
260
274
261
251
275
263
275
268
275
266
269
271
250
3060
274
274
253
267
261
262
283
247
245
255
268
263
259
263
270
278
257
260
263
260
288
277
260
259
260
3065
259
253
262
262
264
283
269
283
8000
277
264
239
234
240
219
206
206
198
229
175
237
212
206
187
217
204
199
216
261
193
188
200
212
200
213
192
210
190
242
202
191
227
201
226
169
193
197
181
214
194
212
206
223
195
188
193
214
3032
207
180
204
224
233
228
213
236
215
196
199
213
190
187
207
234
193
192
216
247
221
217
187
185
217
237
197
235
203
156
233
206
186
160
232
182
192
181
195
224
218
212
175
213
230
184
187
219
241
218
8216
294
296
267
283
290
280
262
276
270
285
283
276
270
276
264
256
279
259
274
281
280
280
278
279
278
284
283
282
277
323
281
275
284
3061
274
269
281
274
282
3088
295
268
3063
278
259
273
290
278
289
273
256
277
275
279
272
272
258
277
275
275
280
245
267
279
264
273
274
273
264
251
277
291
273
259
271
262
259
252
275
265
273
257
279
282
269
277
274
257
281
278
297
271
267
279
296
273
270
283
275
8098
280
267
280
278
283
285
299
270
260
269
273
267
270
265
264
264
270
283
280
270
284
291
267
280
270
266
268
271
287
264
275
259
262
270
265
257
277
283
268
271
255
258
257
259
3067
273
231
273
263
274
275
289
287
262
272
276
263
272
251
260
281
283
250
269
282
270
272
258
278
274
281
290
271
245
256
256
286
247
258
264
230
279
265
262
280
276
292
257
298
282
291
282
260
274
262
283
261
272
253
8186
255
264
317
276
277
258
250
262
254
272
267
270
276
287
272
266
278
284
322
277
315
293
258
268
278
294
270
270
278
274
277
275
272
280
298
269
263
280
269
280
266
293
300
272
266
275
263
289
270
289
272
302
265
277
272
272
280
250
252
277
291
288
271
303
377
352
260
268
267
247
268
272
270
268
282
287
279
279
259
285
272
281
241
271
3067
288
253
254
285
276
291
374
326
295
273
265
282
276
270
7925
266
270
254
269
274
261
274
261
265
288
274
280
293
277
282
283
274
293
268
275
283
300
272
287
261
273
288
274
254
274
287
277
270
273
270
287
281
274
262
260
279
261
269
276
268
259
284
274
269
250
256
269
262
258
255
237
255
274
265
248
261
269
255
301
246
248
265
243
253
269
283
266
273
233
251
267
293
278
267
275
268
252
263
271
3056
267
268
274
260
278
262
272
282
237
242
276
289
249
265
8087
292
253
3063
288
262
273
306
279
260
255
262
278
272
293
277
262
280
277
272
303
263
278
286
269
278
248
274
285
268
279
242
245
278
264
268
275
286
266
286
286
251
288
283
267
286
269
281
286
273
275
269
261
294
277
280
288
248
261
282
262
277
271
267
254
282
298
262
271
280
255
260
262
262
281
261
284
282
267
267
291
249
256
286
263
280
261
275
277
268
284
288
278
275
289
284
275
269
279
262
8309
289
274
265
263
280
257
282
283
277
290
285
272
260
246
306
247
266
272
290
277
274
244
277
267
287
270
283
263
3070
278
258
261
277
272
264
264
262
283
272
254
274
279
278
260
232
227
282
251
267
260
271
288
273
276
304
276
254
273
266
269
278
277
280
264
270
281
286
276
256
273
294
287
268
289
275
256
278
269
285
275
265
280
255
270
301
263
277
262
247
241
270
259
259
278
296
3062
281
271
298
7857
289
253
269
287
300
270
260
257
244
268
273
269
276
268
279
275
268
273
274
295
276
273
270
277
271
281
271
271
3062
291
268
261
265
269
282
287
277
274
281
270
277
264
276
279
278
295
233
287
274
283
263
256
256
263
278
267
287
272
282
274
290
271
291
272
275
3061
290
278
270
267
272
270
260
284
269
250
247
257
269
289
284
266
275
268
274
273
289
283
274
269
292
270
285
252
240
254
301
281
274
8068
267
245
268
259
249
240
252
264
251
285
267
284
297
277
265
307
276
270
280
288
279
298
273
259
280
296
273
3065
275
273
277
269
274
286
270
290
284
292
286
272
268
280
281
262
269
268
256
255
243
280
284
280
285
279
273
279
243
263
3060
285
271
275
274
241
274
257
240
267
257
260
285
275
3068
283
274
279
277
271
250
273
260
280
272
243
271
288
241
280
287
280
276
289
283
278
278
269
279
273
281
7923
283
259
268
258
284
291
277
265
285
268
257
269
268
268
265
269
302
286
294
281
263
282
262
254
273
264
257
280
282
282
274
264
258
263
276
289
258
268
269
284
277
256
268
277
257
248
280
257
258
233
274
265
269
277
252
258
273
273
224
245
252
275
270
290
261
317
259
269
251
244
264
264
270
3067
263
280
277
265
255
272
272
296
282
254
232
268
270
277
266
271
259
272
288
257
276
279
254
250
259
7933
282
265
287
258
268
277
267
284
285
255
253
277
269
266
266
262
234
298
273
279
265
258
275
278
251
246
263
285
274
268
279
261
266
292
265
276
255
271
271
265
248
251
282
274
292
278
263
265
295
262
270
262
264
258
249
234
275
267
245
270
271
271
273
272
266
249
279
267
234
259
280
272
271
265
282
285
245
259
251
264
284
263
257
272
268
237
247
232
262
274
279
274
279
272
275
261
287
264
269
8008
273
242
266
277
275
278
296
269
289
263
263
280
268
270
267
279
305
266
260
276
262
279
268
262
3066
275
260
256
227
261
273
286
279
285
257
270
252
267
279
259
276
288
241
268
259
285
271
280
276
247
257
276
286
273
288
257
255
257
248
269
262
266
278
268
271
266
272
284
260
265
262
281
275
261
256
264
268
259
243
271
266
265
264
255
275
276
354
264
253
255
273
259
265
264
257
265
276
257
263
8315
286
275
284
271
273
276
283
286
274
287
281
259
269
271
269
281
257
272
285
262
279
274
293
302
280
245
283
265
290
281
272
281
266
249
260
271
271
293
279
265
268
271
267
276
291
270
273
274
279
280
275
288
280
278
281
270
278
266
279
259
268
280
257
263
269
279
265
272
286
275
270
276
278
276
270
272
284
256
235
293
271
262
280
287
272
288
287
259
271
281
276
273
272
268
300
286
256
268
278
7771
293
255
261
295
289
280
265
268
286
279
255
272
278
276
232
259
272
285
271
261
287
280
268
273
297
276
295
281
265
296
299
283
277
276
276
276
290
263
274
267
269
259
274
261
277
264
267
262
276
265
272
267
270
256
262
275
246
274
275
279
262
262
282
276
272
244
287
268
301
275
282
267
269
273
277
265
269
275
275
278
281
280
275
291
269
268
275
283
269
275
284
301
277
288
274
273
271
272
276
8139
268
270
261
269
272
272
257
261
278
277
272
294
275
279
281
282
279
286
273
272
292
269
269
257
255
264
267
271
266
268
277
279
3058
274
282
283
290
277
302
266
262
303
259
3071
272
278
277
265
270
269
258
267
252
281
269
276
274
282
274
255
253
274
272
267
262
271
276
275
267
268
289
262
3059
281
269
242
268
282
281
273
283
279
292
275
278
278
261
289
272
286
269
260
275
286
268
279
268
287
284
8106
273
278
275
273
273
258
275
296
273
264
282
266
243
267
281
246
285
274
291
256
3060
272
281
269
282
326
257
272
276
255
250
280
282
273
258
261
281
283
258
282
276
274
277
269
274
267
276
272
258
280
274
277
242
270
266
272
259
262
267
275
256
268
272
280
263
255
271
255
285
285
265
265
262
274
260
287
274
255
270
274
3066
268
282
262
279
274
245
283
268
264
272
272
268
260
257
275
275
268
273
8168
263
274
263
267
296
270
270
260
276
279
301
258
240
236
289
269
285
288
277
295
268
276
281
264
283
299
287
269
270
292
277
248
279
264
248
253
252
273
263
274
272
282
253
277
288
260
280
271
271
285
274
3073
277
252
251
275
286
270
241
284
294
271
281
267
298
284
293
270
267
263
277
259
280
272
257
298
301
274
274
274
248
274
281
263
280
272
279
279
290
283
271
281
260
259
276
294
277
276
255
7805
285
265
262
242
285
258
263
278
258
287
281
274
257
233
250
247
272
270
266
3060
299
284
286
269
3059
267
303
267
274
280
299
267
276
278
277
268
281
279
281
273
280
273
283
283
271
292
292
254
239
300
271
280
263
272
273
298
281
262
261
285
283
270
279
294
276
265
262
263
280
275
244
265
293
245
258
258
262
279
278
269
284
239
271
278
269
268
284
280
257
289
273
278
239
256
280
284
267
281
264
8196
300
270
263
256
271
292
276
293
278
251
247
303
301
284
272
273
283
268
272
282
271
277
271
275
269
274
294
266
277
280
273
276
278
256
294
275
292
283
273
313
288
279
273
289
284
260
267
270
271
283
313
271
270
269
296
278
276
286
278
283
288
276
281
287
284
267
266
253
242
291
301
273
291
296
270
277
272
268
285
258
264
275
296
285
270
269
288
273
290
3069
2322
265
277
276
287
270
279
280
278
8373
304
275
272
282
299
273
244
3068
277
285
266
280
284
304
269
258
285
289
303
278
269
300
286
280
272
261
273
296
276
287
276
265
275
264
278
285
294
289
263
254
266
263
278
292
244
281
269
292
265
261
267
250
283
275
276
267
261
283
297
285
292
270
282
281
280
281
277
269
279
281
282
256
294
279
275
265
265
256
271
281
268
272
296
286
258
285
285
268
3077
283
299
267
274
259
278
266
280
282
278
8085
297
275
266
277
284
267
264
276
268
270
300
272
275
289
259
237
269
273
272
274
272
274
275
274
283
291
283
277
289
269
270
279
268
266
295
276
278
301
270
268
292
284
279
279
288
263
284
294
268
264
270
249
270
286
270
273
279
287
277
265
243
268
257
281
282
282
282
278
288
287
281
290
265
277
276
287
284
278
267
244
258
277
278
280
266
275
260
262
264
267
266
267
270
277
287
285
265
274
248
265
262
296
287
279
241
260
287
266
264
277
273
268
275
282
261
263
248
274
275
256
266
258
276
246
288
276
416
294
270
265
266
252
270
268
237
269
267
245
249
284
277
292
258
271
267
283
273
261
262
3065
279
273
260
283
282
279
293
265
291
259
289
267
278
282
270
269
263
283
283
282
290
259
274
278
265
271
280
272
264
260
270
287
255
286
260
284
281
272
273
275
265
271
270
282
266
260
248
257
260
8195
262
256
282
283
279
268
271
272
273
290
298
285
265
271
270
263
279
3071
256
285
271
262
268
277
273
272
263
276
271
269
271
248
244
275
276
270
240
244
263
261
256
268
275
259
267
284
254
267
261
266
276
250
280
275
277
313
264
275
3073
278
272
279
268
278
275
272
261
274
294
268
272
251
230
271
250
238
268
298
269
291
270
271
288
280
274
265
267
362
271
247
279
273
281
274
262
286
256
259
3067
8135
259
281
263
269
269
270
298
272
273
262
283
250
276
283
274
280
284
250
269
275
277
284
269
269
291
305
275
282
274
274
282
290
270
273
308
308
275
266
240
273
280
271
285
277
251
282
272
283
276
278
272
267
262
284
279
261
3074
280
286
263
288
257
256
269
260
235
278
264
276
263
269
262
282
273
272
276
281
293
282
282
264
273
264
281
282
277
324
289
264
268
259
279
268
280
241
276
253
272
274
8284
267
268
269
275
262
269
302
256
278
277
310
255
263
272
260
269
268
255
260
240
310
275
280
270
270
267
262
279
271
270
276
276
265
273
244
267
267
261
264
279
266
247
259
268
258
260
259
276
272
264
273
268
269
255
262
268
260
264
264
260
264
255
263
291
281
256
286
286
229
269
291
274
264
255
272
260
266
267
3056
264
278
286
257
262
268
267
269
287
288
238
255
249
268
273
261
266
263
266
255
8189
270
286
286
253
261
271
250
268
270
261
274
258
269
269
297
285
276
271
273
275
268
266
273
276
242
271
271
263
272
281
295
276
276
286
285
278
276
278
279
283
252
290
259
279
276
269
285
270
265
266
287
294
270
284
271
262
250
297
271
268
272
260
287
269
244
262
269
284
286
252
291
270
273
260
270
272
267
274
267
266
232
262
259
274
281
262
261
267
278
279
272
273
266
261
282
271
286
260
276
8247
286
268
3059
281
283
273
247
273
283
251
270
247
237
284
255
265
277
273
264
262
274
273
259
280
288
271
280
277
285
275
264
265
241
278
275
255
261
248
267
278
273
269
280
260
282
284
251
281
285
282
264
266
264
267
262
258
3064
279
283
289
301
283
297
280
266
269
277
261
275
290
299
264
273
281
252
272
275
272
262
290
298
279
301
264
270
271
293
266
280
266
274
304
285
273
278
279
276
262
290
7733
293
261
274
288
271
276
269
257
263
259
266
265
270
275
283
269
275
238
261
274
274
262
254
278
242
275
280
287
265
283
3074
261
274
264
247
264
268
261
250
266
267
268
273
267
258
274
263
235
268
259
263
273
272
276
256
259
251
242
254
224
278
277
257
262
261
257
293
267
270
249
241
270
283
260
254
268
266
268
284
278
272
258
253
284
286
272
258
252
255
257
266
272
262
260
251
236
272
263
251
264
265
267
257
347
264
269
245
273
270
274
262
274
269
249
282
264
280
274
272
255
256
282
263
274
268
261
273
270
266
270
276
275
272
269
262
267
280
270
269
246
280
277
271
262
267
258
257
258
286
236
276
244
273
254
257
263
270
313
288
267
236
272
270
272
263
3061
250
262
300
297
260
267
264
278
264
271
284
264
257
268
265
259
272
268
273
251
289
269
263
254
266
279
263
261
261
282
263
284
259
7938
279
266
289
256
254
254
276
280
273
303
284
266
254
250
262
273
274
244
253
253
276
275
277
275
271
276
280
259
249
271
268
249
270
257
264
261
279
266
278
265
257
269
260
297
264
260
231
259
271
277
271
263
258
261
269
257
260
269
269
264
253
251
262
275
256
272
255
283
266
257
263
275
237
267
255
304
264
263
275
254
245
269
266
287
274
270
253
272
277
261
263
271
280
260
269
266
262
267
276
7878
301
275
270
278
301
278
263
282
295
269
260
254
271
271
276
270
285
288
277
279
278
280
282
282
270
264
273
264
275
264
272
296
281
286
274
277
300
287
281
254
262
276
260
257
268
270
270
251
293
272
262
285
267
262
268
268
259
267
277
263
298
3065
272
271
275
250
278
286
273
281
280
254
269
286
295
287
267
263
318
267
308
269
293
274
277
250
270
274
259
280
285
265
251
275
293
277
267
275
263
8151
271
283
275
270
258
260
279
276
281
280
281
291
281
267
270
288
279
263
257
237
277
277
286
268
268
279
276
281
280
268
274
290
268
273
266
286
271
268
286
292
273
281
292
282
262
250
272
263
276
240
253
290
276
244
272
270
279
256
283
282
275
266
270
273
266
265
282
289
278
3063
254
276
261
276
286
274
298
278
266
262
263
272
281
266
266
274
288
279
274
295
290
273
255
274
271
295
267
276
261
8020
285
259
265
271
246
265
267
259
262
297
272
296
257
275
274
243
256
250
269
7791
282
234
250
263
249
265
256
273
274
261
278
250
274
280
266
270
275
278
260
262
272
304
282
269
283
281
260
292
244
235
276
292
244
273
294
268
264
229
262
285
250
269
275
284
260
276
264
244
263
270
256
256
3057
252
272
232
256
258
276
282
282
294
259
288
277
278
263
343
285
287
284
259
268
269
267
262
265
271
262
8279
279
271
252
266
277
274
275
265
267
264
286
281
286
277
282
265
265
261
250
270
250
285
252
277
269
268
261
285
266
273
267
287
264
279
267
261
299
276
270
305
303
274
266
265
278
270
255
284
286
267
283
283
268
259
262
281
255
281
279
277
268
367
267
264
279
297
261
262
282
272
281
272
269
255
280
299
300
272
262
272
276
277
276
259
261
273
259
263
266
275
285
270
261
273
267
260
279
264
265
8070
285
267
277
260
266
255
293
266
275
295
273
276
300
266
262
282
251
256
259
287
273
256
241
258
276
243
271
283
281
277
288
284
265
275
275
281
276
296
294
272
279
251
233
289
289
261
272
264
311
289
275
268
283
272
251
279
273
3062
284
290
285
295
274
304
280
283
262
278
255
267
258
268
285
303
267
2196
267
281
270
275
258
273
248
259
280
266
265
278
281
277
279
308
278
269
251
276
283
265
275
8279
305
262
282
291
277
281
289
279
283
279
296
293
286
273
268
283
306
287
252
266
295
285
282
278
263
257
262
281
262
259
282
263
277
266
282
284
286
257
299
301
288
282
293
285
293
267
287
286
299
274
277
276
284
251
252
284
270
269
235
263
281
275
257
3072
1974
274
262
285
304
273
243
264
267
262
273
272
259
287
248
283
270
281
282
289
255
278
296
282
252
270
275
283
277
282
279
242
267
280
273
7784
262
262
261
248
270
269
260
289
268
243
274
275
269
267
261
277
274
262
304
272
315
275
274
281
274
279
270
275
257
278
268
3060
271
276
264
276
275
249
247
263
261
270
269
273
276
272
262
260
277
280
253
267
256
271
265
241
250
256
266
261
274
269
255
3066
262
261
260
261
234
243
253
263
278
272
267
270
263
274
264
261
264
290
282
259
248
283
276
248
271
254
275
258
277
271
262
246
253
249
244
8059
264
259
252
224
260
255
272
265
3061
263
259
284
290
281
284
306
3066
261
256
264
269
280
286
264
258
272
286
258
263
241
275
271
263
268
263
273
259
257
252
258
271
262
259
259
264
286
277
260
270
260
284
263
236
268
281
262
272
267
264
249
277
272
253
252
264
279
249
277
272
264
270
292
272
259
257
277
293
272
265
251
302
267
255
285
269
252
262
267
239
267
240
266
281
263
267
273
254
246
257
7918
283
273
264
274
269
283
285
290
274
272
280
278
281
274
288
315
277
269
272
293
286
285
282
267
285
292
298
274
272
282
259
290
277
3060
247
271
296
288
298
3071
272
266
257
286
282
256
286
264
295
285
284
275
271
283
288
256
257
283
279
268
269
289
309
271
271
329
291
263
270
264
258
295
259
284
279
315
289
274
275
309
268
273
274
288
279
275
280
287
264
262
276
246
278
268
274
270
278
259
270
7890
286
266
268
258
274
282
272
293
265
275
269
279
284
263
271
278
277
287
262
282
249
278
285
279
275
278
260
283
274
265
243
256
269
242
228
257
263
274
274
281
274
273
258
275
279
278
273
324
294
281
286
267
257
265
244
267
273
273
288
270
276
323
269
266
265
271
278
280
297
258
266
251
301
275
247
288
286
286
265
251
267
286
262
272
265
264
277
273
282
280
285
267
276
270
274
257
260
281
275
7901
299
269
294
241
273
275
291
307
284
302
273
241
299
267
280
281
292
256
283
306
274
285
280
276
289
287
261
276
319
257
274
274
265
312
275
258
268
278
287
261
283
275
296
287
228
256
285
276
269
257
279
265
319
280
274
262
278
275
292
291
287
274
287
272
269
281
277
273
258
272
279
266
277
255
290
278
260
234
298
279
278
293
251
270
285
255
286
264
278
276
272
270
295
275
269
286
277
286
257
8041
259
267
249
273
295
267
267
266
243
260
264
280
280
285
284
270
276
264
271
267
280
287
273
270
263
251
282
267
265
246
243
274
270
253
280
278
293
293
279
245
272
265
282
270
268
265
258
258
263
273
267
269
270
284
275
262
254
284
266
278
281
287
265
283
304
266
254
253
284
274
245
241
248
273
266
256
266
274
265
270
248
253
273
258
287
271
265
259
278
276
262
270
261
276
263
244
280
269
282
8086
286
278
274
265
278
270
272
284
291
268
272
258
268
250
277
262
278
273
279
268
263
285
276
287
268
279
248
277
277
252
272
268
270
270
288
257
300
279
278
266
262
274
285
281
269
243
266
279
284
241
294
296
268
273
273
277
266
281
277
251
292
265
262
265
268
272
265
244
265
285
302
280
259
283
289
239
287
276
278
295
265
276
256
294
279
273
260
289
284
264
261
262
284
262
280
250
268
280
277
8193
281
282
269
286
284
274
280
254
291
274
272
270
275
279
283
277
3120
301
293
295
277
274
272
289
276
278
301
277
269
274
300
295
275
272
287
299
245
239
289
287
273
285
273
275
265
282
259
283
272
278
285
264
268
282
300
274
287
267
262
272
278
277
266
276
274
281
274
260
279
281
273
284
281
279
290
304
304
288
263
272
3063
292
302
272
282
299
289
261
282
272
280
265
267
288
260
266
286
278
266
8077
281
251
274
289
304
294
289
273
269
273
279
251
264
288
279
296
292
276
269
284
261
264
286
326
273
292
268
285
261
254
284
262
266
286
257
277
269
301
295
283
275
257
274
285
268
261
276
311
286
259
262
269
258
273
273
264
270
270
3062
266
267
273
270
263
260
268
276
276
258
259
283
274
269
256
300
276
267
280
264
263
263
279
277
280
249
278
286
269
240
253
283
271
273
276
286
265
276
310
283
8083
299
270
266
268
291
285
275
262
269
265
269
287
269
256
261
284
295
289
257
228
277
283
281
247
288
273
279
265
284
279
278
290
276
265
289
275
275
289
272
272
273
269
282
253
250
264
275
280
270
261
258
255
263
265
278
278
250
263
272
272
282
271
271
271
260
254
275
281
291
265
267
276
271
269
272
275
265
273
262
268
263
284
249
269
293
248
268
277
262
258
273
261
269
298
267
271
271
259
280
7906
300
277
300
275
276
273
265
282
276
276
274
269
252
273
266
290
283
277
273
288
273
277
276
266
258
279
270
266
275
267
284
295
272
274
273
284
285
267
276
262
285
271
268
267
276
277
274
282
280
256
276
274
268
291
291
281
270
273
263
233
235
229
220
263
3071
280
278
280
271
287
275
283
257
255
264
287
285
269
277
265
268
276
268
275
277
279
262
268
269
265
273
251
259
253
277
279
283
273
277
7859
295
225
290
284
285
246
263
269
268
264
259
273
275
229
250
237
278
276
268
239
268
263
287
296
268
256
279
261
275
270
265
262
277
257
252
263
282
292
275
298
272
269
274
257
287
280
274
277
282
254
277
262
267
232
304
278
264
264
265
267
269
263
274
272
273
243
251
269
268
281
267
278
287
272
284
256
254
245
287
3057
265
263
265
266
260
270
268
280
274
263
263
278
255
284
278
270
279
266
250
8123
276
269
275
273
265
272
272
286
291
281
293
285
275
270
251
223
288
288
289
282
270
285
253
269
258
286
272
284
261
274
270
276
263
278
267
268
270
277
292
275
280
262
278
296
256
274
271
259
248
286
277
279
270
282
284
278
269
279
260
271
275
255
274
253
277
265
245
325
332
312
288
271
280
283
276
283
270
281
260
271
278
270
292
281
271
275
261
251
265
276
268
266
273
270
271
260
260
271
273
8234
300
293
253
302
271
293
275
279
282
257
3070
283
270
262
282
292
271
274
277
268
272
261
269
244
278
262
281
265
276
254
276
277
267
279
264
279
261
265
277
260
267
283
283
272
284
263
281
273
290
272
276
268
271
273
253
291
272
280
278
285
270
277
270
282
280
265
293
268
273
285
276
273
282
282
268
271
316
266
270
278
277
277
278
256
262
278
256
279
286
284
3065
279
276
289
281
273
274
270
278
7881
279
254
260
286
299
274
279
276
244
278
279
266
273
261
274
281
268
264
253
284
244
261
264
302
273
264
290
243
272
259
270
260
289
267
264
261
280
269
3060
228
282
282
285
291
316
271
246
274
276
281
269
266
285
316
260
275
284
288
290
265
3054
262
268
279
258
275
281
280
303
269
284
283
277
264
258
270
277
255
251
270
3059
272
274
256
256
262
269
273
285
286
270
285
273
277
295
276
261
273
290
7796
285
293
280
284
257
271
268
278
259
268
290
289
277
286
269
273
286
279
268
275
267
278
292
265
269
263
289
267
283
276
3060
276
274
277
242
289
237
283
271
271
292
272
271
282
272
264
306
276
262
268
265
263
254
274
261
267
273
281
277
284
281
267
293
262
287
273
276
279
254
247
287
254
273
268
275
264
259
264
277
273
282
286
279
268
281
268
238
291
264
281
280
249
257
270
274
258
260
252
273
8253
287
3065
271
290
276
275
277
277
272
279
271
279
281
273
259
248
281
265
281
256
269
275
250
250
272
264
261
290
266
260
243
247
251
276
259
282
272
257
274
258
250
267
267
289
270
264
261
247
242
281
273
284
258
279
265
262
271
258
293
274
274
277
272
265
238
277
280
276
259
262
279
263
263
263
268
258
283
268
265
262
261
276
254
273
261
263
275
297
304
280
273
278
269
251
263
278
270
271
263
8288
297
259
272
273
271
277
268
282
289
262
266
286
268
284
274
289
266
264
276
271
279
268
249
310
265
283
268
264
285
262
271
294
270
301
272
248
262
314
257
239
276
274
264
271
242
268
281
282
265
273
275
315
253
255
3069
266
286
258
261
274
260
248
267
275
275
270
261
273
281
278
268
254
263
289
264
262
263
270
271
269
289
286
250
245
238
275
321
259
272
269
258
260
263
284
283
276
442
290
269
8034
289
266
299
283
283
255
269
272
277
287
307
283
274
280
278
275
253
279
261
267
277
281
296
285
285
279
277
275
301
274
271
250
320
262
270
273
265
288
267
283
273
308
290
285
262
270
282
252
277
307
275
277
266
263
252
260
262
260
275
3068
272
282
320
270
287
278
280
270
273
294
275
252
273
291
282
263
271
288
260
250
285
300
279
281
266
279
282
271
258
272
254
275
270
272
284
272
250
271
272
7933
283
269
276
261
271
327
280
290
254
276
247
268
282
252
276
255
259
286
285
238
273
270
292
280
270
273
258
277
277
278
289
255
282
282
274
272
278
269
274
268
278
267
266
264
265
250
274
263
273
295
287
302
276
280
267
259
284
277
285
265
287
279
289
274
282
268
275
293
335
291
252
281
262
273
275
293
285
285
256
249
273
264
287
297
271
279
267
300
278
266
266
287
283
258
268
271
259
247
243
8161
269
258
278
266
263
275
286
272
275
276
283
278
255
266
289
266
250
230
275
259
267
281
279
262
232
264
276
258
255
263
270
277
285
279
253
277
283
278
254
280
271
265
247
257
276
261
253
274
263
277
278
266
291
266
291
266
277
282
282
280
262
291
280
279
259
248
257
314
284
280
262
275
263
280
280
254
266
272
283
262
279
276
275
269
260
271
253
277
267
269
278
272
256
255
254
278
268
267
295
8205
289
266
3066
281
257
258
285
270
249
269
277
279
277
276
316
271
272
269
265
281
274
264
272
274
266
269
252
266
257
274
276
280
269
285
286
248
274
289
266
265
270
262
233
270
278
292
265
277
287
319
262
238
253
257
253
266
276
267
289
289
266
260
277
259
290
269
283
289
3086
277
270
325
272
264
268
285
274
265
282
264
288
262
289
256
270
235
254
258
247
3061
285
268
284
259
242
268
274
269
277
7793
287
286
269
279
242
252
296
296
286
262
267
264
264
258
245
267
267
237
264
333
267
286
264
255
246
251
284
247
243
265
278
249
273
231
259
247
260
242
261
257
254
250
254
251
269
305
247
256
251
233
263
256
272
254
274
251
238
261
264
256
258
266
252
227
237
264
260
275
256
290
280
266
271
277
260
266
264
253
253
253
267
284
244
267
3059
264
263
265
270
274
251
261
270
255
259
301
264
246
218
7831
277
265
267
242
265
268
260
264
263
3069
256
260
266
282
263
318
259
250
247
281
272
269
267
259
271
274
275
261
273
269
272
259
271
267
238
285
281
268
264
280
275
257
249
247
255
270
231
254
266
264
266
268
265
303
3073
273
256
269
259
268
274
252
270
261
237
262
251
272
250
265
275
252
256
268
265
238
235
278
285
263
295
266
273
243
268
256
283
255
278
255
261
269
260
262
277
283
259
272
277
7508
276
265
3068
277
269
264
264
272
278
271
272
284
275
277
282
269
268
280
245
254
268
280
285
296
270
262
267
264
281
252
259
261
272
283
267
268
283
290
280
283
279
271
282
280
269
264
282
287
285
266
270
277
273
285
275
273
277
284
271
274
277
280
275
263
283
273
268
276
276
281
279
270
268
263
284
288
291
278
259
274
288
267
275
258
275
272
277
293
274
267
285
287
285
273
281
270
256
259
264
8125
270
278
277
267
271
273
268
273
264
255
282
277
291
284
271
297
258
271
251
257
272
280
297
278
259
267
263
275
269
270
255
288
282
287
266
271
297
290
274
288
285
266
280
263
249
272
283
279
259
258
247
275
257
3069
262
278
275
266
269
299
280
274
246
263
279
272
274
270
272
262
277
298
260
238
250
260
258
273
271
292
273
264
292
250
267
253
260
280
275
283
275
268
264
246
282
256
287
276
281
8185
283
271
266
276
293
259
279
243
269
287
291
245
281
282
257
265
264
274
284
267
266
271
270
259
263
281
275
254
254
261
251
267
276
251
241
267
280
282
265
264
244
262
267
273
257
270
258
280
264
253
272
250
263
260
259
266
265
275
262
289
273
280
298
263
273
267
275
272
262
3090
266
266
268
259
276
264
264
273
273
275
262
274
240
252
271
276
252
247
262
275
279
244
269
286
271
275
274
283
257
8041
270
272
269
284
3067
264
271
227
252
283
267
290
277
287
272
285
251
271
277
284
279
258
283
284
275
269
266
293
278
266
285
288
277
278
264
268
305
244
261
274
279
276
283
284
281
259
267
293
243
285
269
276
270
279
282
272
279
269
282
249
255
282
272
297
274
279
291
297
295
269
308
264
281
278
280
297
271
252
270
274
275
278
284
291
293
256
262
265
278
286
287
290
255
268
262
275
276
277
263
8205
280
284
281
276
262
295
265
299
272
244
279
295
279
280
3065
279
248
242
232
268
303
272
261
273
267
270
280
268
263
302
252
284
288
244
289
271
273
262
248
394
274
275
280
289
279
288
292
266
272
233
249
298
282
247
280
280
285
280
264
301
266
244
266
274
269
287
295
297
309
292
286
291
263
291
265
278
283
280
274
260
266
280
285
273
278
276
271
281
275
283
270
276
289
249
276
287
274
277
277
261
259
260
252
267
277
263
267
244
266
272
271
264
269
263
268
262
266
258
256
261
278
259
274
250
254
270
259
263
270
265
270
257
270
262
266
265
271
280
261
267
273
271
264
282
270
272
257
259
261
258
287
258
238
270
266
254
288
265
270
259
275
273
264
273
270
269
295
269
262
275
267
265
279
260
267
266
270
278
273
271
3064
271
248
244
268
278
259
270
252
266
258
232
298
276
272
253
272
265
260
7695
269
232
252
222
259
245
306
253
265
246
246
244
238
250
254
274
254
235
260
256
258
254
257
277
256
263
249
261
253
250
254
258
285
260
261
235
259
254
252
254
257
265
231
251
254
248
261
244
261
241
266
257
259
272
240
262
255
253
273
263
272
265
273
285
260
274
257
277
267
309
266
245
259
252
254
256
260
251
266
250
256
248
262
345
259
257
254
248
267
250
256
271
255
258
267
230
257
258
251
7783
286
270
263
269
268
275
251
273
278
268
228
259
264
272
271
3058
282
274
266
287
275
264
260
261
262
277
274
268
265
303
271
291
286
3063
271
277
272
291
278
276
280
256
304
264
255
251
265
254
280
264
296
256
269
274
270
271
282
280
283
279
262
287
287
3057
269
268
270
256
277
281
278
246
265
275
257
272
282
256
235
277
282
267
271
277
281
272
264
268
268
290
3068
280
284
278
275
257
282
269
277
284
279
292
281
260
263
276
280
297
274
264
273
251
284
246
254
275
275
267
285
281
300
259
273
278
274
270
275
294
274
276
265
300
294
267
263
277
267
275
307
284
269
284
280
253
287
264
268
275
253
268
262
230
268
273
250
317
284
279
280
246
286
283
284
286
279
291
3061
270
275
270
303
285
257
275
276
272
257
277
292
325
358
292
289
282
285
263
237
295
255
272
268
270
281
271
275
266
251
252
263
8112
278
8152
283
278
277
273
277
285
290
283
273
276
273
280
272
262
290
268
273
273
307
278
276
261
260
324
284
290
285
300
274
270
280
268
282
285
286
262
299
267
278
278
271
275
274
295
249
280
278
289
272
284
274
264
280
272
285
291
285
297
268
269
271
296
282
276
303
295
283
292
278
270
305
286
298
265
274
276
295
295
274
270
282
261
282
261
245
275
259
270
288
277
293
283
257
266
280
270
266
8052
271
282
274
255
3064
302
279
275
270
274
257
260
269
286
278
3072
273
288
286
266
278
285
282
278
275
280
272
268
270
266
272
277
256
277
263
256
269
272
274
273
270
282
295
279
271
286
268
275
282
264
271
290
276
276
271
277
272
253
267
258
276
285
279
258
274
229
269
244
262
268
276
243
250
259
285
281
285
263
310
269
231
262
268
225
247
261
271
277
291
276
290
290
275
273
267
263
288
267
270
8196
276
274
298
281
277
298
264
282
273
310
277
285
277
274
274
281
277
272
271
263
270
268
284
248
274
281
272
299
263
277
281
256
236
275
261
267
278
277
294
261
272
255
270
269
272
267
278
3075
274
270
281
241
298
274
283
262
278
276
283
286
262
268
239
250
276
263
275
274
269
272
282
287
278
292
293
271
270
280
280
277
264
246
271
258
266
268
271
246
280
274
252
271
283
278
282
245
267
257
269
7677
278
219
275
282
248
256
240
246
212
274
263
268
269
266
270
263
274
270
258
269
271
270
263
253
252
277
265
266
277
276
264
263
253
278
255
265
288
265
283
262
276
264
273
285
251
283
260
244
264
270
276
265
3728
268
275
290
251
259
255
272
267
3097
270
267
260
285
273
256
255
258
313
277
260
276
265
264
264
264
266
256
245
256
277
278
257
263
267
251
282
254
253
246
279
284
257
3068
265
3064
271
7994
269
272
258
265
263
242
249
250
264
266
258
271
251
261
1099
263
267
264
248
273
263
260
269
252
294
267
271
282
265
244
250
285
267
256
242
269
272
257
275
251
265
263
250
262
272
260
283
268
268
270
331
276
287
286
281
266
262
258
248
269
298
242
247
273
260
253
295
276
250
257
286
260
260
3081
254
236
252
253
262
259
259
273
268
274
274
272
260
261
261
270
260
264
263
276
249
270
248
262
272
8156
277
298
273
276
287
292
266
289
286
281
258
258
278
293
294
276
265
284
278
274
259
279
282
288
271
261
276
277
269
266
263
272
263
251
277
313
295
281
267
288
279
263
296
288
273
276
278
3066
286
276
273
281
297
276
283
249
273
273
268
283
246
287
276
247
284
267
264
266
279
270
258
271
250
287
269
268
273
275
296
280
281
283
268
250
274
299
297
258
268
275
286
273
253
257
278
298
275
272
285
7728
303
272
295
281
270
276
282
303
277
266
265
275
302
262
257
287
297
276
283
275
276
272
288
276
279
267
283
261
274
280
255
252
262
262
278
295
287
271
289
310
274
282
288
280
272
281
249
262
266
282
267
271
274
273
279
277
298
271
265
261
282
276
263
275
287
269
268
247
272
275
301
277
309
271
298
261
277
258
233
271
283
279
271
293
281
277
262
256
272
235
252
267
286
268
232
284
272
262
302
7925
280
253
244
223
277
270
255
270
266
291
250
269
271
307
288
279
263
282
271
280
244
261
254
258
3072
295
268
266
272
262
268
279
273
266
272
269
276
266
281
263
267
261
274
273
261
270
260
269
279
269
258
265
241
261
291
232
284
268
262
228
275
264
273
269
281
256
283
322
270
287
266
283
277
279
272
283
3068
270
270
280
278
285
300
276
247
266
281
271
269
278
256
270
232
253
253
266
252
263
263
8175
285
282
291
267
279
278
273
293
277
285
256
264
268
268
279
274
276
278
250
260
267
228
257
276
281
272
279
290
295
277
293
289
279
255
268
280
3068
265
267
283
281
262
267
263
268
281
254
276
261
285
277
297
271
278
276
291
291
281
270
285
277
267
291
263
282
268
290
280
277
262
260
272
296
283
276
264
374
285
269
261
250
280
276
276
290
264
275
274
287
270
292
293
274
279
285
266
263
250
269
8465
299
275
267
280
284
278
274
270
273
255
264
266
283
280
272
282
240
3064
272
271
279
261
292
276
264
275
262
276
269
281
259
312
261
254
260
267
261
276
278
274
269
268
271
277
267
264
280
270
281
263
278
270
254
251
252
285
260
265
269
268
245
277
263
268
284
264
267
247
229
275
283
281
279
277
274
287
276
275
298
286
273
286
292
289
302
253
263
283
284
268
262
275
268
291
251
250
262
265
239
262
288
256
252
255
271
296
268
271
288
281
264
257
256
287
270
270
244
257
276
290
273
281
278
275
279
531
279
302
276
255
279
274
276
259
274
252
289
286
288
260
291
266
271
286
273
270
274
289
271
259
258
241
284
278
271
299
288
266
282
284
282
276
268
271
293
275
284
267
268
267
282
274
268
297
277
290
273
278
275
267
277
266
262
284
282
258
245
228
274
283
288
272
297
272
252
281
301
269
274
8200
283
284
281
272
268
281
315
293
271
279
385
298
297
300
296
260
260
265
263
275
292
298
280
274
305
299
285
293
276
283
291
280
238
271
287
271
297
269
301
3078
314
251
302
284
279
263
273
283
250
284
283
290
272
297
292
280
265
299
295
286
266
271
297
277
279
273
257
298
233
299
281
271
266
301
322
256
285
278
276
281
277
284
272
275
290
285
285
285
294
283
283
272
293
287
308
270
289
267
273
7997
266
259
265
266
280
291
278
293
283
329
269
267
252
276
281
253
271
274
3070
264
266
274
265
278
263
271
285
246
242
258
269
268
273
275
255
245
262
269
265
263
279
271
276
283
270
266
302
273
281
268
267
283
272
282
282
268
266
273
264
3062
271
292
270
270
279
281
279
274
269
276
274
268
276
273
279
272
283
252
270
263
262
258
256
304
281
3062
284
280
288
261
284
269
271
275
259
264
269
267
270
