Execution time (ms)
61538
59352
59721
51717
60874
60360
60867
61766
61345
60510
61831
58415
60516
58045
49635
59831
60157
59271
58830
59549
48909
58792
57812
57961
58933
57883
58258
48423
66864
47939
58535
49488
58365
50325
57992
49959
67872
58362
59936
58265
55524
59142
58132
59616
67104
51473
49866
48827
49084
47266
49575
48160
48862
48933
57175
49974
48340
49556
49306
30669
56853
50252
49092
49670
47926
49556
49751
49565
51026
29670
49209
55109
60427
57880
58704
69681
47503
47103
58128
59029
58784
56706
58692
59165
56580
57242
59933
60583
59223
58632
57750
58743
57625
59363
68573
49820
58972
57786
59919
58309
59642
48379
59851
57824
59463
48656
68182
57860
59392
59027
58687
58245
60295
59288
56692
58000
58827
56898
59246
59417
59026
57079
57362
47033
47872
58236
55327
57820
58161
57670
58459
58139
68223
55999
58817
57339
58149
57485
57289
57001
56789
58052
45289
57125
56942
58374
57661
57483
58621
57379
58747
58190
59050
56280
38403
56996
56792
59666
47771
57843
57839
57297
46945
65311
57514
56848
56429
52740
66865
58213
59121
38913
57425
37009
58838
58388
59087
58286
58902
60464
59424
58418
57949
58752
50048
59200
57590
57978
50410
58965
60740
59904
58950
50056
58431
58756
58586
67215
49251
58537
