Execution time (ms)
14384
1058
1024
963
966
1147
956
895
938
957
1142
904
971
893
947
969
923
896
957
990
961
919
950
966
948
976
909
927
940
992
887
1013
1118
957
1145
942
889
966
954
905
963
907
961
902
970
957
957
1099
962
933
930
909
905
893
921
954
954
938
906
988
894
961
887
938
967
965
913
965
904
972
885
1076
889
1085
946
944
887
921
1040
892
895
917
892
1021
888
960
1052
1151
1135
949
903
970
886
909
1115
962
943
896
968
965
14284
1148
956
1035
918
14206
893
869
950
887
876
910
885
963
899
880
916
939
947
875
967
887
952
1093
941
877
950
1086
1110
867
974
878
978
953
958
1117
909
952
1056
946
901
890
956
957
959
946
947
920
1019
940
907
923
892
958
1063
882
1053
897
905
941
900
959
946
931
920
908
902
946
1027
945
887
959
951
945
975
954
1126
917
995
1097
1133
1015
900
960
959
943
959
886
948
948
917
920
890
1049
953
933
877
865
869
933
14053
1128
995
879
925
1216
878
925
976
943
876
882
1017
879
942
880
927
935
940
892
943
875
948
944
871
928
890
897
882
893
945
884
936
870
890
910
876
905
912
893
906
949
952
873
946
957
1003
949
897
963
893
886
951
953
891
927
870
1003
898
870
888
946
993
942
870
934
916
933
942
897
947
871
940
944
892
943
882
1078
896
875
937
896
933
888
877
947
945
878
907
924
1009
881
952
1116
882
1120
902
1103
910
874
14058
910
945
919
892
1113
939
896
953
1110
1161
894
967
952
873
1071
1110
1128
973
891
893
894
914
1005
1019
1085
885
897
915
901
913
956
1071
960
942
979
892
940
959
894
1118
915
920
966
1132
1121
883
900
956
917
908
959
1114
955
950
925
895
992
917
936
956
1004
957
1139
904
890
899
956
1142
903
925
927
905
907
890
960
891
921
959
892
970
946
975
909
882
918
924
949
966
894
924
908
903
964
892
955
957
961
933
885
14240
941
945
889
875
898
915
928
882
942
942
867
865
1027
932
1070
949
1114
940
869
1131
943
939
889
896
955
876
883
884
902
935
865
943
926
971
929
871
938
945
1121
934
880
947
925
915
909
871
936
898
893
939
864
902
870
926
946
948
944
891
939
934
959
938
870
946
1041
876
943
1095
1011
940
1055
891
874
956
865
921
920
872
1126
875
892
1054
1006
965
874
957
933
878
942
867
876
942
873
1033
876
936
908
880
880
14289
907
884
880
1043
942
942
919
883
953
884
914
917
887
1124
879
942
950
882
901
957
895
936
879
913
914
920
938
904
943
941
952
1098
876
943
882
894
905
877
932
956
927
940
940
887
947
952
894
915
879
944
940
977
894
873
942
892
913
875
889
871
871
911
883
1104
1086
1093
961
872
876
953
953
1082
873
1042
941
947
923
885
878
903
936
1133
925
870
941
1070
1125
903
879
936
1099
1107
912
874
1045
960
1111
889
877
14163
955
1135
887
899
958
971
992
942
900
1033
963
909
913
898
957
956
944
1021
952
1040
955
957
963
901
920
952
942
907
1043
1090
932
950
957
891
905
915
918
886
938
1066
975
983
891
905
901
905
959
900
989
916
963
906
884
888
962
957
930
887
905
959
1093
935
941
962
947
961
1129
896
923
905
916
1143
895
964
938
953
999
892
884
911
936
941
898
897
909
1033
934
910
949
915
968
929
884
1009
906
1136
1053
951
974
14791
1039
974
979
1055
901
1134
1016
949
966
1009
988
987
982
1035
914
1176
1102
978
1233
972
1514
1148
938
1041
1082
1023
991
974
1052
1007
1025
943
1008
991
887
982
986
905
961
905
961
951
917
903
1150
976
1154
952
998
967
964
1000
918
967
893
1092
1172
1206
926
1454
1033
1084
1067
955
887
1167
937
1170
975
906
1184
988
1013
1076
892
933
934
1052
913
932
922
1119
1087
1019
950
997
964
1000
933
923
888
969
941
964
960
940
1026
976
977
14503
911
1158
960
1038
956
928
1045
901
972
963
954
980
922
986
1029
902
1048
1457
956
1026
983
917
942
970
984
1411
1073
1004
988
973
976
968
1054
952
903
915
972
903
967
994
929
977
913
1073
917
996
1133
909
966
1053
1161
1219
969
976
901
1148
965
905
969
962
991
990
1078
900
990
965
908
914
940
1070
953
972
964
1082
1162
1073
1103
895
973
973
956
909
1059
947
895
901
910
952
923
1144
904
978
1169
900
951
921
964
968
1108
13278
937
972
895
960
969
901
905
1004
952
921
898
926
994
1075
1152
902
1127
1056
931
931
1143
1117
1115
1066
970
891
1132
1159
1147
1102
948
1153
1029
991
915
955
965
986
1108
899
923
933
913
896
906
970
889
931
888
905
898
951
928
917
901
903
908
963
939
1087
919
920
955
929
950
945
918
1062
962
946
896
1137
930
916
923
935
942
960
917
984
973
941
949
901
889
923
1072
898
928
896
909
929
931
959
939
899
957
917
1085
14153
859
880
1089
883
851
1100
860
927
855
857
1082
911
942
856
889
1087
957
864
864
860
1086
895
1082
858
872
1075
882
890
846
883
1086
874
1013
898
858
1057
851
885
856
876
912
1030
923
865
872
894
884
909
852
858
881
871
880
894
898
897
1025
880
900
854
929
890
857
846
856
1081
921
858
1090
847
1083
921
991
1095
891
1081
860
862
1088
866
883
875
850
865
871
870
865
860
882
855
1028
874
844
1091
913
881
915
960
892
14177
876
920
935
915
917
1092
861
862
886
901
1085
891
852
862
848
900
892
861
1086
931
881
999
854
885
921
870
989
892
1097
858
924
925
897
869
872
879
1055
863
897
887
1095
885
848
908
885
1094
929
870
862
909
856
890
863
888
1083
900
891
873
1082
918
875
872
863
869
865
855
923
858
851
943
1029
898
854
914
895
960
941
857
853
902
879
882
857
842
884
884
866
863
863
868
1095
1004
853
872
913
897
873
849
850
912
929
1118
874
882
942
932
947
1008
881
1064
900
1019
920
882
899
950
914
872
1062
931
1035
914
881
883
906
1103
921
885
911
1110
1118
1050
875
875
1120
1120
1118
1047
882
914
908
1123
880
918
911
899
1043
876
899
882
1104
928
873
947
917
970
934
908
901
891
905
919
872
1081
882
972
893
970
960
891
983
921
878
907
884
932
928
877
901
900
961
924
882
895
878
926
898
949
916
902
958
889
894
1102
885
1087
942
904
917
14082
1120
1108
874
915
994
902
935
920
1049
1079
916
1032
919
1121
901
941
922
934
906
880
950
963
918
1119
907
1121
890
914
1038
877
929
956
872
887
896
907
937
1014
879
908
918
932
865
888
883
1116
951
884
905
881
904
881
876
905
879
1078
881
893
970
923
1102
895
908
899
907
915
969
895
909
891
955
877
1113
1090
906
919
890
1115
996
1132
912
1094
1119
959
895
1113
879
948
1018
890
1100
872
906
897
909
869
910
896
913
14102
1146
913
881
1091
899
899
917
961
958
1088
907
924
911
925
1141
1116
886
958
952
1104
897
1136
951
955
953
889
1025
977
1088
923
914
1020
935
925
936
939
901
1132
945
1115
934
936
1143
962
924
899
910
974
906
964
1089
1149
1131
947
937
931
983
976
924
901
965
933
916
934
889
989
1102
1140
918
1094
918
1073
1142
971
1091
973
909
1139
1155
1131
941
946
916
942
910
967
1132
927
951
1121
909
946
1126
941
918
1069
934
1119
1049
14180
1157
1069
1150
953
1045
927
934
930
935
1127
910
915
944
977
953
928
965
1025
895
893
1080
890
911
925
925
970
900
926
927
957
942
1117
916
907
938
930
1141
931
1101
995
921
905
1143
933
1121
1119
948
912
984
988
959
894
957
902
1134
1132
942
929
975
949
906
1120
958
942
918
922
970
914
1075
949
1101
936
1043
923
894
915
936
907
1122
1123
920
1151
916
1148
933
925
1116
909
970
923
931
929
901
912
923
907
930
1075
920
14034
902
879
919
1065
1028
907
1118
946
969
1069
1094
881
903
901
895
922
1091
1098
893
902
1003
934
1036
909
1102
934
934
1043
925
963
911
900
889
1023
875
1099
886
895
905
898
907
887
897
927
880
1042
909
899
933
928
913
913
1092
899
899
897
919
940
884
939
904
1039
880
952
1020
930
899
1092
895
923
879
870
995
883
895
980
993
987
932
885
935
886
866
877
894
911
918
943
918
928
899
878
898
890
1030
897
890
1101
920
12911
957
932
823
881
861
847
884
851
1003
924
891
826
832
851
1027
853
842
1031
869
842
853
866
905
866
1015
1029
973
848
1014
981
1030
886
859
843
867
1020
858
843
1025
927
854
851
857
1005
870
835
866
838
857
850
840
878
874
893
896
926
853
1017
825
993
876
849
862
873
851
1043
851
835
859
1033
864
821
862
987
825
840
837
835
881
842
856
910
846
882
868
838
861
823
826
1018
855
885
849
863
1028
847
823
825
851
14102
856
894
899
924
852
856
884
923
872
893
891
905
879
1026
1081
907
906
855
1064
889
896
902
872
882
1036
889
857
1013
1085
854
1037
897
904
1077
983
862
894
873
871
871
918
892
1068
879
1063
866
863
1031
889
900
1068
869
1027
920
1083
983
1011
1079
989
1105
1018
905
888
880
873
868
871
854
865
846
980
923
888
858
873
886
935
952
849
1075
848
930
1080
1031
905
914
872
1073
883
899
900
1096
869
873
853
870
888
859
887
13501
875
936
928
887
929
896
953
876
933
929
932
921
939
963
931
868
882
881
885
920
943
918
899
929
1017
924
1096
947
892
1119
889
905
868
922
1070
921
1002
1027
1046
907
918
907
876
913
897
892
890
882
894
894
888
1084
887
901
921
874
882
868
1053
867
895
891
962
904
878
888
895
915
888
883
902
1094
931
1086
952
1036
928
1097
888
874
888
901
1090
908
895
862
880
886
941
926
941
870
1008
969
884
1085
862
922
915
13928
1095
867
899
899
907
866
937
875
902
866
1103
907
909
1100
858
889
902
901
900
1066
1001
1094
902
890
915
877
1042
905
892
883
921
912
1078
868
934
889
864
1088
1091
867
916
924
910
895
924
1104
895
866
1089
870
957
905
878
1099
915
877
858
879
893
895
894
896
1089
919
931
926
917
877
885
903
949
897
1096
975
891
887
871
891
920
1030
897
1017
879
863
885
898
913
903
889
906
1062
937
865
887
1019
959
862
892
1030
14025
1122
913
880
1076
902
886
924
904
887
900
1024
1101
898
880
900
930
1102
1103
874
912
889
949
895
876
885
886
876
945
924
1084
893
903
1095
1096
878
1002
929
889
880
888
876
941
909
1031
1028
884
889
1056
967
1103
1067
1100
906
1052
920
1064
932
938
894
907
1004
1057
912
897
885
871
898
879
908
929
1052
890
897
886
917
1010
895
918
1096
872
1063
932
1040
907
917
1033
944
882
896
877
947
1103
924
1026
1115
917
908
922
944
13916
898
950
923
879
929
921
890
938
908
1055
907
924
909
1026
903
893
935
907
906
915
896
939
1132
1113
969
910
1056
918
1028
879
1114
1024
1051
882
919
1112
885
896
1023
1017
892
899
1065
928
925
913
1115
907
1112
906
937
928
890
1124
1125
912
888
953
1114
898
894
905
907
968
960
896
918
908
933
954
1112
909
944
878
909
903
925
917
1115
923
919
1103
885
939
937
900
953
1078
953
1094
937
874
902
903
932
967
1122
929
892
14001
888
924
902
887
902
884
906
924
939
945
1095
943
897
917
930
1102
876
930
889
930
887
898
917
930
870
897
868
929
869
916
1060
891
917
1117
877
1044
894
1097
1106
1052
911
866
917
1101
907
924
874
897
1099
879
907
890
1100
940
938
1101
875
934
1078
1115
947
919
927
930
932
1078
894
914
1119
1070
1106
887
1029
1094
883
890
969
911
1095
1046
974
872
952
1088
920
925
924
883
864
884
906
995
1087
1107
895
907
931
891
902
14059
878
867
1078
882
903
875
876
1044
884
892
887
842
897
944
922
897
873
856
913
882
894
893
858
959
878
1033
929
876
872
992
891
843
861
916
980
885
959
1081
878
899
872
868
1100
888
881
893
914
1079
898
1074
889
886
962
864
891
986
1081
910
891
887
1015
875
1020
892
894
905
1025
1083
856
918
863
921
871
910
882
881
884
914
854
846
902
840
888
897
996
909
892
898
857
848
868
841
871
846
888
868
879
862
918
14079
874
893
889
877
922
919
916
914
910
875
884
903
991
844
874
1031
948
1065
870
875
879
872
848
940
1013
1027
884
1080
877
860
1095
941
998
894
1047
873
902
928
876
912
871
875
868
899
862
901
895
911
876
1049
1072
977
894
1040
919
898
869
1040
1075
878
944
1069
866
1087
891
877
959
917
879
1069
919
1082
877
1017
916
870
1083
867
882
873
881
897
908
1083
881
896
1071
1076
892
1056
861
1094
930
935
883
884
898
889
915
14000
892
893
923
895
1089
867
986
929
1117
914
923
882
895
877
865
910
1114
1128
862
891
907
916
1109
931
936
899
868
902
898
905
1121
996
891
888
895
931
951
900
936
934
891
895
915
981
913
895
930
897
1109
890
889
919
902
899
930
900
898
1056
1071
898
1051
898
1060
985
904
910
926
952
927
928
1079
909
932
917
913
1066
927
922
868
896
890
971
956
912
889
932
904
932
933
924
902
888
1058
915
891
1090
975
890
904
14117
933
898
954
937
891
1038
896
919
935
923
991
887
965
934
902
932
866
892
895
925
935
884
946
910
909
994
911
886
1014
910
879
921
945
898
945
896
900
1072
1011
914
876
1096
1091
917
1013
1008
1102
1104
930
874
890
1115
1090
939
884
884
917
886
866
872
924
989
861
965
871
1078
893
907
917
907
912
934
921
908
915
920
921
1078
915
882
1087
882
895
908
893
966
924
870
936
910
900
1100
931
898
1060
929
1103
934
862
13682
898
952
938
915
899
1060
1109
906
944
948
981
945
949
867
941
1027
902
906
895
1031
1111
1099
1054
1113
940
915
914
913
915
1024
1120
907
923
891
1112
907
1077
905
917
1103
921
1109
1091
890
924
1023
1111
905
880
916
1102
918
915
870
939
919
917
896
921
913
1080
904
923
876
878
1079
903
1100
1092
923
932
910
954
875
883
909
941
920
876
897
923
1063
1065
933
889
1069
1080
1061
940
939
901
1120
1122
921
872
932
899
905
908
14437
896
1006
1153
1143
932
929
1113
913
1010
886
966
955
1126
965
944
935
914
1095
913
914
915
1029
943
910
904
1092
911
922
1134
915
920
935
936
920
949
910
915
940
963
909
905
1128
952
968
954
915
920
883
931
934
922
895
944
951
923
915
1138
1119
944
956
916
1034
1036
1124
900
1113
1136
915
1022
939
1083
960
963
928
1024
946
932
1147
941
929
1084
915
914
904
916
960
941
912
930
912
944
921
895
957
918
887
959
934
941
14089
1142
915
1121
966
1149
1135
962
1038
918
933
914
971
883
954
941
906
1107
928
890
912
915
926
1057
953
955
906
910
999
965
910
921
935
936
1138
1094
918
939
914
918
946
931
907
1104
983
929
934
907
930
1143
881
1078
922
922
922
941
919
1121
1049
899
1086
1063
913
932
986
926
916
1020
950
1158
914
921
930
980
947
927
1123
924
944
914
946
988
953
1046
962
885
897
1044
916
928
918
955
934
933
1072
910
1089
916
1037
1119
14204
941
920
930
1132
926
961
942
1083
934
921
903
951
927
936
945
937
956
917
903
924
933
932
1071
922
969
919
956
1139
901
907
919
1018
930
925
927
898
955
916
901
951
919
1107
908
939
897
937
886
944
958
958
1142
1135
921
914
891
909
1134
912
1100
948
925
921
1152
962
924
914
964
921
1107
925
915
929
956
975
934
935
933
905
959
918
951
894
972
902
954
929
962
1133
1113
949
927
973
1138
935
965
944
924
1122
930
14105
901
946
897
946
911
930
905
886
950
927
949
923
941
945
974
940
962
906
909
916
896
923
934
1107
952
1099
1063
931
925
984
988
916
1122
1068
900
907
1031
945
1027
1075
918
1071
1130
952
1122
918
900
1035
941
1014
921
884
1128
903
900
1004
933
876
1103
923
1094
914
1101
933
1030
1091
884
1143
1152
902
902
957
1131
956
1068
917
913
1142
896
917
906
903
1134
944
896
1007
947
1061
980
1113
869
919
898
918
971
869
887
916
910
1106
933
920
873
899
1047
889
901
1112
1009
888
871
919
1103
897
884
1043
947
917
924
908
905
919
1090
928
888
893
931
907
1064
1025
902
880
879
1077
894
1072
918
922
888
949
898
919
970
881
894
927
908
1100
905
913
910
917
1091
932
890
921
1033
918
903
939
1104
921
963
901
1055
1071
877
899
901
984
881
918
1034
921
882
925
1072
942
916
945
933
897
1086
902
883
894
1053
884
917
960
909
933
869
928
897
934
938
910
890
14058
864
1063
908
918
901
940
922
900
1071
1062
1042
872
863
864
919
1076
906
869
881
858
1047
1069
949
894
873
872
879
1019
870
893
885
1003
868
884
874
865
1080
1081
1064
946
976
905
863
1091
927
880
871
1039
874
871
943
1062
1051
879
1074
870
886
922
870
847
967
875
876
894
868
868
1069
1067
873
1042
895
881
871
878
1024
857
881
941
851
994
897
870
899
840
879
881
890
862
869
869
978
1073
962
900
869
1037
920
1052
871
14010
1066
940
1069
900
894
866
901
862
861
865
879
952
903
912
900
891
881
846
862
1005
882
861
904
913
987
892
898
863
895
897
895
908
900
895
1013
1017
845
870
873
879
915
892
881
919
865
872
887
1062
867
968
890
996
876
844
983
873
884
880
866
880
840
885
864
941
899
868
880
908
870
906
843
985
869
1075
846
883
890
921
917
903
836
857
924
970
906
886
864
978
1041
878
915
931
1036
873
885
857
863
875
1041
14058
870
905
904
883
895
840
890
992
1007
1018
910
888
843
901
873
1184
939
977
967
980
950
971
872
899
867
859
976
862
855
861
837
841
836
907
956
846
854
882
844
879
852
851
916
925
880
837
838
1005
888
1055
1067
889
861
868
880
855
864
953
929
868
889
854
887
836
921
877
869
870
888
968
862
864
1058
887
882
860
961
861
870
1016
970
927
895
941
874
993
863
866
874
982
1031
870
883
992
957
1063
874
905
863
14171
916
923
944
945
962
920
1079
884
914
901
925
923
941
1100
911
1111
1130
1059
1007
1032
1044
1170
1035
1051
1031
1037
1051
1249
949
1074
954
933
945
965
918
922
966
956
1127
951
967
1082
973
949
940
951
1122
1124
920
957
1083
1138
953
921
1089
1137
1144
973
959
1182
943
928
979
1129
930
939
969
918
937
952
1008
982
915
1104
969
959
1021
961
981
959
944
929
1117
933
975
913
1202
925
962
1128
917
936
1056
1119
923
914
1049
951
1081
14244
1133
956
956
980
887
1117
928
939
939
1106
1142
1138
1125
911
1094
915
906
1017
923
907
924
911
884
940
1134
929
965
927
900
914
1036
895
1105
911
1065
895
897
907
949
962
927
878
1117
889
904
1075
1084
1119
914
1066
924
905
909
929
1047
971
948
919
1111
940
971
1136
1123
880
960
927
956
885
900
1013
918
897
917
907
896
1119
918
925
885
914
924
928
1139
929
952
919
931
908
917
907
922
1075
921
969
1018
928
1136
1091
909
13822
898
1077
985
911
937
1119
1123
908
1049
902
907
1121
946
1067
915
1064
930
898
1052
1098
905
967
881
918
953
880
908
923
907
892
962
1123
970
926
957
890
1122
959
909
1014
929
1134
910
878
1000
887
898
931
932
919
887
919
1128
877
1087
923
925
908
881
914
908
915
1102
873
890
908
1074
923
938
931
892
1121
904
915
1007
1115
918
920
1102
896
1035
889
955
941
1082
932
901
996
942
890
1119
895
897
935
894
1120
905
964
903
14095
913
965
900
915
1047
13608
917
1144
1115
949
920
915
925
1097
1133
1050
949
1087
956
942
1128
915
956
906
912
941
960
966
926
892
893
909
909
1107
904
917
950
919
1068
958
909
915
1021
952
932
938
1073
938
960
960
1010
917
906
928
929
897
895
921
931
1121
935
950
1042
909
941
928
906
1088
958
944
888
950
909
924
927
901
964
915
1072
920
1122
910
908
885
955
908
888
910
932
938
919
1072
1092
922
915
890
923
912
944
14250
913
907
940
953
1135
931
949
949
937
927
959
958
926
930
896
937
882
879
1001
876
909
1125
965
927
942
920
890
928
885
875
1086
874
912
907
929
1067
895
897
902
1004
988
905
945
954
915
982
923
939
915
1126
879
944
934
1125
925
1098
956
919
932
890
1099
871
875
955
945
928
956
1088
954
941
877
871
883
917
911
929
913
952
1034
930
967
878
874
1110
950
902
914
918
1040
970
892
897
1091
920
930
907
930
969
1133
14135
908
907
957
1109
943
1149
923
1059
925
1012
1149
933
943
1114
1134
937
908
890
914
1109
913
939
933
942
958
950
911
935
909
950
910
918
919
917
904
920
915
925
900
937
896
1000
1129
1140
926
962
909
897
960
904
941
901
1111
928
1086
939
924
926
934
946
921
924
920
962
922
965
921
920
911
901
909
911
947
945
957
949
896
899
932
970
937
1018
952
959
992
943
960
897
1067
1095
914
933
947
910
940
906
958
891
929
13653
900
898
892
1095
925
928
928
935
891
891
886
921
922
895
888
1086
1042
891
881
1013
1090
932
1104
868
878
914
1078
880
1035
871
941
904
891
917
855
1019
900
921
885
903
915
914
886
862
905
888
884
860
899
885
897
925
887
907
958
914
1070
929
897
920
1044
880
1056
1088
913
1002
890
1040
977
858
862
870
920
1008
862
920
879
1092
912
903
979
985
969
925
1077
927
1081
887
1052
894
876
1077
921
912
911
923
940
969
890
14251
913
1090
910
917
1093
929
954
922
988
900
914
938
910
920
936
945
1020
950
1075
939
1120
1112
918
958
915
915
1030
879
900
908
957
1007
904
899
917
920
937
1080
1116
911
1041
927
933
933
1047
1140
944
895
936
974
1062
938
1031
931
903
1110
1104
1028
945
930
1023
930
917
1063
943
947
938
928
915
919
928
931
1117
946
911
932
951
952
916
952
1118
944
1133
919
891
923
1080
970
1057
910
958
909
926
914
898
947
999
1088
884
14039
878
1016
854
911
1041
1085
1066
922
1005
1081
855
881
1026
863
873
871
872
1054
866
951
871
862
928
883
1010
1071
841
872
893
1015
860
852
1012
874
844
862
867
867
892
904
998
879
1056
851
890
1084
910
881
902
1034
868
914
899
900
984
1067
882
892
997
1062
1047
869
1060
877
882
1063
890
975
881
863
882
1027
1065
1042
908
971
1036
1066
883
860
875
912
1063
885
901
873
899
877
1023
1070
959
968
874
890
892
913
978
865
890
14161
1120
1084
921
960
967
1275
963
1135
905
1110
952
1142
939
925
909
1081
927
914
940
914
891
925
1149
1106
1033
935
935
929
1168
942
901
930
928
910
932
944
942
935
938
943
1148
946
1139
931
953
1136
933
907
1121
921
1133
960
942
1018
1136
1074
937
1108
945
923
923
956
918
919
926
1129
1152
936
897
940
1141
939
897
917
1100
937
922
962
918
949
1139
960
900
1066
1070
941
905
920
1098
1063
935
1021
1090
922
1057
892
924
1131
992
14221
926
940
1085
916
1023
896
912
1133
910
885
1023
956
958
1049
1132
961
961
916
1136
923
1116
934
951
950
928
901
901
894
877
930
915
948
1074
916
939
954
903
1124
930
936
917
950
1010
921
1100
911
933
922
932
1082
929
899
886
911
918
923
902
958
911
884
947
896
1117
1061
911
901
1094
893
902
991
923
880
910
897
897
918
882
919
931
1067
897
926
912
920
915
937
887
942
899
953
910
903
1126
909
907
905
887
1082
1078
14089
923
904
904
962
889
934
907
981
1034
884
971
980
1058
975
949
1171
948
1141
922
974
1150
912
893
1037
936
931
882
918
964
946
889
900
906
917
924
928
907
976
906
957
1123
927
1163
957
1048
1051
949
1147
977
951
952
899
1138
1059
920
1090
908
916
906
918
1132
896
957
1120
887
928
899
946
914
922
896
887
893
960
955
940
896
944
1213
947
939
902
961
931
923
896
908
1047
893
889
1153
889
1140
963
926
906
893
922
902
14239
1156
952
898
1008
909
966
908
971
925
1029
1024
981
935
929
915
1032
975
920
911
931
1026
1127
896
954
964
1124
918
960
1117
974
916
981
965
931
931
952
896
953
923
972
972
961
1088
927
1126
972
895
972
963
1159
972
903
1183
939
1117
929
907
935
934
906
916
952
940
927
940
919
912
924
950
941
1007
1014
935
921
919
1131
950
904
916
1007
930
930
902
895
944
930
910
910
955
1099
952
923
901
898
974
1166
897
907
915
14251
940
929
871
914
948
1110
882
889
1027
903
1119
895
883
870
1093
1106
1111
887
910
885
918
908
912
1100
927
975
881
896
1105
1041
929
960
895
980
938
906
916
887
919
874
899
1119
1087
1107
1108
1101
896
884
881
948
1029
1054
886
946
875
942
882
918
964
902
902
921
1067
1092
969
941
900
890
996
916
1112
920
879
919
913
888
921
884
942
881
1002
925
872
910
908
1110
902
888
914
936
1109
893
915
951
945
1103
914
1012
906
858
935
868
901
868
1012
923
916
1045
1023
884
893
889
902
875
911
1032
861
880
901
922
1091
891
870
862
884
873
931
950
896
886
923
928
1072
876
1093
960
891
918
893
864
859
849
887
853
856
908
922
1006
870
1080
889
888
885
875
901
1086
894
1029
870
880
923
906
1099
873
1099
890
1049
870
870
881
883
890
882
857
850
1049
1023
893
877
1084
862
876
883
949
879
862
891
878
872
862
1004
896
893
1084
1089
996
880
870
870
13885
895
951
944
907
1132
881
890
958
916
1129
926
1096
890
878
898
953
887
924
884
947
910
906
1075
880
910
1143
1011
1131
1104
935
900
945
1132
886
878
928
901
906
890
896
1166
1084
1138
886
919
898
892
1123
890
910
922
1027
930
906
893
902
1114
914
937
916
895
893
1122
906
893
1032
938
934
891
910
966
1075
909
876
895
1120
918
1022
891
938
934
892
934
947
955
882
881
926
936
970
912
906
921
1133
885
906
1087
920
1074
14173
891
870
875
870
1077
900
870
864
1086
1075
1017
1031
890
898
865
1018
878
995
884
1061
879
875
1045
902
903
897
869
870
854
851
1035
986
994
878
1078
875
884
1089
851
855
847
906
890
861
869
1021
871
871
883
852
893
890
1008
984
971
879
871
891
860
1060
921
858
907
863
877
876
869
1078
870
849
894
891
880
1019
888
1048
872
1067
902
853
892
875
903
876
907
861
917
897
871
881
915
909
905
908
838
1089
907
914
1094
14142
1119
941
893
926
884
1124
959
946
915
916
897
933
952
1121
946
946
954
1091
1127
928
953
1081
953
899
876
920
964
935
1100
956
933
949
966
924
866
958
919
910
904
882
910
948
929
944
880
920
957
1025
1061
929
956
891
1082
920
885
920
1097
1088
947
902
1118
1112
901
948
942
960
931
1088
953
14316
974
964
909
970
895
917
973
946
968
923
958
933
949
914
936
930
1098
971
968
942
939
1094
909
1020
1120
914
970
971
923
870
933
936
931
940
935
1008
954
932
933
1055
910
911
914
916
866
1098
933
924
989
1102
925
918
922
932
858
887
926
1026
1089
938
920
1103
942
884
868
956
936
1015
939
954
931
910
885
919
935
931
927
933
933
923
1103
877
1100
932
874
932
996
943
878
923
892
886
941
934
872
939
929
937
927
938
941
939
930
934
943
934
901
938
894
940
940
1063
932
897
871
949
861
939
936
933
938
933
922
982
1041
879
861
872
1006
13972
913
941
1138
930
1054
1019
881
970
950
959
1065
877
915
955
978
924
916
1003
961
1156
955
958
1099
952
969
936
886
883
1098
1079
958
901
953
1146
952
917
889
975
932
1086
916
925
933
921
987
963
903
968
1097
1010
971
879
936
894
912
899
964
922
1017
960
1006
922
954
1194
918
973
882
949
1019
953
1139
906
882
953
1115
1138
964
1005
907
974
911
901
1031
913
1127
1032
885
968
1005
1142
899
960
936
948
923
956
891
889
877
14067
930
951
1028
957
1141
85
884
964
961
959
970
898
1108
967
940
957
886
913
1082
974
919
887
910
85
1104
1140
1116
83
79
1153
82
887
892
82
956
80
890
80
950
961
1051
898
87
942
910
79
969
83
959
978
888
907
920
961
915
984
896
965
1114
954
959
896
936
1090
939
914
966
1114
101
961
954
894
1117
917
961
924
912
1130
911
1134
921
84
79
956
1140
962
957
82
919
1138
1132
965
918
905
971
76
1048
960
957
14151
1164
929
1093
967
951
976
896
1121
961
935
967
922
898
973
965
967
925
906
968
919
957
1148
902
966
1143
927
964
894
1126
1161
905
1098
893
970
1070
957
911
1063
970
953
1111
963
937
888
965
977
938
887
943
908
973
958
913
893
1140
899
964
942
971
934
967
930
965
1097
967
931
918
1134
896
968
967
968
959
932
996
923
963
936
896
966
955
972
964
899
1089
964
922
1173
881
1020
1139
1058
963
899
1152
903
927
1029
900
14243
939
863
1088
949
1037
927
931
1027
919
862
867
882
1077
868
933
880
903
917
868
924
1090
914
862
888
906
889
879
1085
859
871
921
931
879
1073
933
887
930
867
1088
873
937
1100
856
1079
929
921
1090
920
892
939
940
885
909
869
891
942
1073
868
880
912
1098
927
927
865
1029
871
934
891
855
884
874
931
864
870
890
888
936
1014
902
924
922
1097
1041
858
923
1057
1102
982
881
893
969
1023
864
931
935
1099
1051
871
925
13869
856
839
867
887
1045
842
894
821
1006
1031
877
908
873
889
891
847
894
887
1050
859
982
890
821
850
842
855
886
891
1009
898
951
890
832
892
895
1047
896
824
1034
862
859
898
832
861
1006
895
893
833
889
895
903
893
832
845
999
887
841
866
917
893
1006
842
1036
830
862
948
864
925
826
844
1051
1024
1029
900
831
1047
848
855
824
894
999
1055
896
827
880
864
893
876
835
896
861
935
895
846
889
891
988
865
837
14063
1113
1102
873
937
1109
934
14165
931
926
1108
887
939
892
1099
943
927
940
948
937
928
928
1024
858
918
906
888
1127
891
926
887
893
1118
858
916
872
929
1118
901
945
933
925
938
865
898
952
1057
947
875
946
975
866
909
870
942
1005
903
1083
949
946
923
885
918
868
942
938
929
945
894
926
891
1030
934
863
906
932
949
937
877
943
930
894
932
857
934
900
892
953
938
943
939
1093
1118
868
1070
1044
929
902
868
899
14083
1003
881
1109
959
960
900
887
941
951
951
949
878
902
959
1040
1121
887
928
877
893
1143
963
888
957
1068
953
992
939
955
905
926
888
1102
1139
957
911
883
910
903
956
893
886
937
964
920
977
970
1124
940
957
1040
884
949
932
946
972
916
1077
951
885
900
890
891
919
1057
952
882
955
1117
920
952
903
952
925
954
952
919
945
904
968
933
888
963
957
897
952
1143
1138
1113
909
1059
892
953
982
1103
963
1032
966
971
14219
1122
904
964
957
932
953
961
956
1158
951
951
884
884
937
947
960
963
951
953
920
912
893
900
983
894
955
888
909
947
1061
958
973
891
911
891
915
920
875
917
912
1078
1018
937
926
900
1010
922
1054
923
1113
1111
921
907
884
1088
912
931
888
935
892
1117
932
922
942
914
935
930
880
1105
927
935
923
894
979
901
903
921
928
927
1067
912
930
880
892
988
966
929
921
903
908
1020
888
1053
908
946
920
975
908
921
14158
967
894
919
930
1068
1135
954
943
929
954
1131
945
940
893
939
1102
1117
950
946
935
916
910
920
1110
917
1100
895
923
972
941
1130
930
959
922
947
920
896
944
943
946
945
927
992
951
955
929
900
933
887
944
925
1067
885
1019
924
918
900
897
918
913
955
943
974
934
954
1019
894
933
886
917
928
878
1044
927
1103
924
897
906
1111
959
923
907
942
941
916
1098
923
932
936
1082
947
1081
896
917
911
919
929
902
920
14102
888
1051
927
876
936
897
926
869
854
923
872
880
898
907
891
899
867
902
910
903
933
939
938
902
906
882
918
905
922
907
860
873
954
890
867
907
1016
875
860
863
886
924
884
899
909
865
988
867
872
926
890
890
908
860
897
1088
900
877
1081
893
915
907
862
903
902
900
903
887
902
862
894
887
862
890
897
863
915
885
1080
911
887
945
863
908
1062
1010
860
911
984
906
914
891
912
884
911
897
903
875
1083
14078
1140
1103
1143
1153
957
957
1140
897
967
959
925
957
889
936
945
949
922
900
906
933
916
981
916
940
949
1143
922
925
897
1136
956
981
935
940
919
917
936
1155
1026
882
925
952
907
921
903
943
901
902
946
895
929
885
1137
921
895
903
1115
1004
956
910
919
942
926
944
891
889
928
1086
950
894
915
914
961
939
897
1147
960
1178
946
901
960
937
991
1140
897
942
919
924
924
949
919
895
1088
971
897
1075
933
1136
1006
13888
898
854
939
940
865
929
935
940
1100
861
901
900
897
918
922
959
1082
904
878
916
872
1015
902
950
891
862
1107
902
927
1049
857
908
902
873
1077
939
888
895
1049
931
927
985
896
1065
921
940
1039
926
932
923
861
946
921
910
889
899
987
919
869
903
896
929
927
874
943
901
941
926
1082
893
869
935
939
895
861
944
893
1036
927
862
990
1057
926
925
861
928
1110
900
1055
866
940
906
1097
928
860
902
958
1109
882
14203
899
1068
949
951
873
918
956
958
1084
878
978
955
1077
1122
1045
1073
958
878
1119
874
1023
1061
964
1114
948
873
964
886
931
954
868
958
951
1129
986
918
1105
891
911
1003
908
900
956
948
952
876
940
1078
1063
923
948
920
953
1162
985
964
930
1074
1129
956
901
948
950
891
1106
968
920
954
942
959
883
887
932
1109
888
937
950
957
963
916
924
917
944
949
889
954
947
944
1128
901
1104
975
951
951
883
936
934
916
949
13909
1007
1043
1050
903
833
1061
893
891
891
882
1009
997
892
898
1072
895
899
889
899
830
994
1042
854
898
903
894
887
852
894
835
885
848
902
952
937
895
894
893
1049
1027
895
985
905
888
995
1052
982
860
878
834
871
891
1054
891
832
902
913
887
897
838
851
825
899
1002
994
897
900
870
866
841
842
969
899
1043
832
857
913
900
896
835
962
883
883
869
866
856
994
898
848
826
875
829
991
992
834
962
938
905
1064
14201
975
1129
1111
915
1083
894
1072
956
1128
921
967
910
967
1167
904
1083
965
972
966
915
967
953
970
976
905
903
1060
1123
1182
974
1033
987
960
963
923
959
1005
1059
1088
977
939
964
966
985
900
959
930
1074
965
932
969
919
918
964
910
982
964
915
1001
898
965
965
1138
975
895
1027
1161
1064
970
1041
941
1106
905
923
902
916
1176
1181
965
944
971
973
963
924
1140
939
955
957
978
895
919
1069
925
908
903
911
946
920
1146
14262
970
960
931
972
927
897
909
920
967
897
901
1039
956
970
932
884
970
945
963
970
973
964
948
963
1058
957
929
970
963
963
973
932
963
935
959
901
962
958
962
963
936
906
937
1106
968
883
918
971
959
918
928
923
1074
938
894
951
1163
1174
970
1145
931
895
963
898
967
923
895
961
924
965
902
927
1167
1019
1121
896
1009
1183
971
1166
1093
968
907
967
975
954
927
893
921
922
913
984
955
927
972
894
977
1005
991
13124
835
899
909
899
845
838
858
901
902
1038
874
914
1054
850
977
840
897
902
885
869
829
1059
882
834
905
1046
991
906
906
843
834
894
890
899
923
899
877
903
927
1059
844
848
901
899
878
845
893
997
905
860
1045
936
1042
895
897
833
1071
902
908
1033
915
899
995
902
893
904
894
861
858
861
875
876
1029
845
845
900
856
867
902
898
843
849
866
852
1018
898
897
1008
1040
902
841
856
902
888
904
843
863
962
894
13958
876
951
1113
937
926
875
930
924
934
938
876
906
1065
890
960
943
931
892
932
1099
872
977
868
913
1089
869
1058
903
899
954
873
914
936
885
932
899
934
960
941
939
899
879
932
886
1104
1039
892
910
930
901
873
936
934
958
875
866
908
908
906
1056
871
1033
1078
930
945
929
938
998
920
915
869
1125
1042
918
933
902
1101
958
887
945
868
1088
1088
894
878
889
920
1104
923
941
904
936
931
892
874
902
946
890
900
13968
835
903
901
1005
873
905
861
853
877
1008
835
899
901
849
992
912
882
1025
855
950
846
1013
868
868
1044
837
861
1020
897
835
1036
904
869
838
892
834
862
935
1058
895
912
903
890
899
959
826
928
861
889
1015
838
880
840
891
1035
837
1056
891
904
13738
875
1114
1125
943
934
867
1050
907
929
876
1118
921
943
912
879
862
915
915
933
871
898
895
944
905
877
940
949
942
940
942
892
1036
872
940
873
936
1145
945
942
14537
893
917
901
889
982
916
940
890
870
1014
1101
932
934
876
909
871
868
927
871
954
935
902
910
874
941
891
896
925
871
939
1076
937
937
870
891
930
935
963
885
911
931
1095
984
878
902
1111
995
963
867
903
981
1064
1091
883
939
938
1060
1113
1086
942
889
890
938
881
966
941
936
1085
920
910
904
1073
1115
912
952
932
1084
936
876
953
1077
933
925
942
893
938
912
875
891
873
1014
882
1082
920
868
973
939
1098
931
13195
937
888
881
861
864
1040
880
891
1011
874
1011
907
939
934
935
931
1111
1015
996
871
902
931
958
930
869
892
1063
914
882
874
935
882
913
927
944
924
889
935
926
862
987
929
878
1029
1026
876
887
911
1079
864
913
905
880
902
868
1023
1046
896
904
886
914
917
997
913
868
902
965
901
900
868
878
1075
919
1068
863
894
950
1091
1076
868
1039
870
1075
1103
873
856
947
915
1113
862
853
896
882
999
906
895
886
1099
897
14184
867
899
925
937
893
870
885
932
932
932
902
872
919
961
924
925
878
1072
1055
910
892
921
870
1123
896
929
871
1047
1109
906
921
875
922
914
906
896
867
894
1106
945
932
899
901
929
895
923
854
918
926
947
894
1094
893
940
884
923
920
1078
881
860
1087
865
881
895
912
908
906
889
908
1050
890
866
905
936
1021
918
894
878
959
916
895
864
937
903
878
907
880
1019
913
1033
907
905
938
940
899
1027
973
902
865
14206
905
879
950
930
884
918
962
942
875
879
937
924
950
877
923
905
918
1058
876
872
948
946
1106
1129
914
934
886
1146
917
889
929
918
1120
938
952
1093
915
957
931
1006
926
882
907
881
937
892
923
1134
881
908
1093
896
1140
882
919
1029
883
950
877
927
923
878
1051
942
904
899
930
922
876
889
900
902
906
907
1079
922
889
887
1119
918
950
911
1052
923
890
1078
941
1134
947
919
886
980
1091
884
1034
954
926
1126
930
14080
1124
896
1109
958
962
1018
998
993
924
914
927
886
1115
882
916
901
924
1100
938
925
904
1046
951
931
917
886
953
958
958
908
946
895
970
979
943
921
951
930
995
944
893
905
954
960
1055
909
896
949
917
1066
923
914
982
907
1093
932
897
1098
937
914
939
895
951
915
930
1119
892
925
894
899
914
890
928
939
888
879
945
928
1118
1026
927
892
914
887
962
910
910
922
923
904
922
895
940
908
916
1056
890
945
918
14080
890
857
902
961
1097
1088
877
866
1035
1109
1090
853
889
891
864
887
895
1095
913
1093
892
876
874
1088
891
865
878
916
962
1024
907
880
887
892
862
859
953
897
1101
965
899
849
863
884
903
895
886
887
880
891
881
878
897
1099
909
920
957
932
1092
911
927
915
888
955
884
1095
879
892
932
1111
886
895
1093
905
928
919
868
1089
1094
875
887
882
1064
1081
948
896
901
874
1106
895
911
855
892
924
927
1093
906
916
932
14090
1080
895
892
876
878
918
923
867
943
897
1062
983
863
935
1025
893
866
858
890
870
1038
892
987
1070
902
901
863
906
1084
12825
1013
889
861
892
918
876
859
867
987
1026
900
859
891
1087
919
860
905
900
977
1025
896
854
951
873
1053
886
1010
940
1062
882
878
848
891
865
853
905
902
883
897
1016
1026
861
943
889
1026
844
902
1031
927
874
883
1044
896
863
888
851
873
876
870
857
873
896
859
895
862
858
1027
912
913
14250
897
962
959
919
938
952
966
909
918
951
880
952
985
1054
969
895
946
949
891
908
883
1080
1119
917
1112
903
938
906
1158
887
889
960
958
908
1104
927
921
930
893
1027
882
927
900
944
947
932
916
878
1125
904
885
905
927
971
1131
922
897
939
1066
926
882
1102
911
1136
952
908
955
961
957
1077
894
934
947
938
946
951
918
1026
1047
1147
971
882
888
1108
917
956
896
886
912
1023
1043
1135
906
937
931
1144
893
1035
910
12620
903
835
903
995
885
881
867
1054
979
889
839
836
963
894
869
885
1058
940
870
853
923
1048
853
885
921
834
1043
830
892
1046
840
909
893
868
857
828
1027
939
835
876
905
835
897
843
851
878
845
864
839
839
871
844
868
835
847
922
891
849
896
894
838
869
862
875
855
872
974
849
902
861
842
877
872
930
852
862
835
871
884
890
840
878
1007
1061
869
834
829
882
888
855
839
877
854
931
1046
830
861
877
1040
14137
885
1079
918
1166
901
921
1146
953
920
976
889
918
927
948
1121
879
906
911
951
1138
910
957
920
918
929
876
905
920
959
1078
922
1066
886
1037
897
883
919
925
1139
908
888
966
929
930
933
881
879
1073
909
963
926
931
917
1036
905
1065
1005
931
899
1094
882
875
916
899
1061
909
928
927
921
925
944
926
932
930
1095
911
1053
905
888
938
898
925
925
928
1137
953
930
907
1136
912
884
1071
917
928
1031
905
941
916
910
14124
904
917
941
915
955
891
932
899
922
917
1078
891
1117
932
933
1135
892
922
1094
967
1135
896
941
907
937
917
937
1117
916
955
908
962
937
912
1112
1140
1061
894
899
952
1103
946
886
913
923
912
918
892
994
994
962
933
892
957
1142
938
895
973
1010
900
948
1059
905
1050
934
936
1002
943
1151
905
921
966
953
1139
991
1011
965
961
967
955
959
907
1167
966
958
965
887
1143
964
1087
924
892
955
960
1138
967
936
955
959
13955
1133
855
921
1068
880
951
944
900
911
925
919
867
868
932
903
896
852
878
925
926
906
871
1069
1082
1003
866
891
926
1090
872
869
863
919
922
938
905
1076
925
891
875
1042
863
1100
924
918
1084
867
876
861
894
1012
1095
939
921
986
1024
866
918
920
1042
1083
866
910
928
1038
898
860
850
847
856
908
847
896
921
878
880
907
910
869
931
849
903
913
929
878
1083
934
928
920
905
1002
872
1003
1026
919
922
1100
1042
929
14244
884
854
888
1047
1018
915
866
929
915
1032
1097
924
933
1060
949
871
928
862
882
1079
914
1072
895
897
1089
1062
1078
862
925
922
1000
945
1076
1052
924
918
922
920
1012
880
888
867
858
902
1114
923
865
876
924
891
1013
924
898
923
919
1096
919
864
1062
922
877
903
854
873
1075
925
864
858
1014
933
927
931
1072
967
1075
897
966
871
870
902
922
1089
1039
905
1045
1054
928
865
892
932
1126
921
852
903
986
891
948
870
925
1171
1110
925
967
898
967
1147
1146
903
962
955
948
1168
967
960
960
958
979
896
921
964
962
1058
976
956
925
965
1104
929
958
925
952
1165
951
961
967
963
962
901
925
969
940
914
907
964
966
924
964
899
961
968
959
920
902
932
929
964
918
897
1136
963
910
931
904
968
938
951
968
896
989
962
933
909
908
922
957
973
1144
895
932
969
920
984
1038
967
1111
938
951
1023
1024
936
915
966
968
935
995
1175
1145
934
924
13991
1057
879
869
931
931
939
890
866
1051
945
1064
890
892
1082
912
1080
928
865
1121
970
1120
955
872
1102
884
943
1124
860
953
976
1073
886
907
925
879
951
938
871
951
888
1107
883
1092
948
939
983
943
1123
872
924
1101
886
921
1036
947
923
906
901
911
880
949
889
1089
1145
872
1055
1009
903
910
876
955
868
971
945
867
941
930
1099
929
942
947
1078
898
877
1078
934
940
1093
1120
869
1060
937
929
945
871
886
892
900
891
13128
915
895
910
874
864
1037
923
917
914
854
930
1057
882
918
930
1071
885
927
900
885
887
908
922
880
918
1094
923
918
952
858
903
900
904
896
1047
927
915
926
936
862
1097
1010
917
925
862
930
890
1016
1056
847
929
915
882
919
856
923
924
912
929
881
858
880
912
918
876
899
980
913
917
852
929
1088
911
920
858
917
916
915
924
858
922
932
916
869
890
944
901
921
930
923
1066
933
994
1079
858
863
925
913
1032
14086
967
1130
927
1141
897
963
1156
916
910
965
984
956
958
921
951
977
915
914
890
891
961
940
894
1123
933
916
900
891
1155
886
1133
905
1101
926
1074
1164
1191
953
955
894
1041
1004
956
1106
970
916
929
909
890
953
950
960
1145
896
903
1154
1117
923
885
960
1125
915
976
880
899
1029
1064
953
957
899
973
1136
897
915
1067
1133
965
1154
967
963
1161
958
1114
931
956
1158
951
1121
917
921
1144
1081
1086
963
920
901
1142
908
1055
12869
1024
897
874
859
879
869
915
1083
935
920
1056
873
923
1097
901
929
1048
877
965
922
924
1045
926
940
874
1112
1074
896
920
926
921
865
856
900
924
924
927
921
932
921
940
922
923
921
887
931
932
905
930
872
872
919
918
1067
925
924
887
882
899
909
1049
890
938
922
890
1014
867
936
928
916
935
873
928
939
892
878
926
930
932
932
925
921
930
942
925
927
894
895
929
957
931
952
919
899
938
929
1086
933
932
14128
926
914
934
905
1079
891
1052
1100
1045
940
872
887
1087
1072
856
1043
917
971
1003
1082
1099
1030
872
907
1078
853
1097
975
1081
1098
859
925
945
913
1086
876
918
916
872
1097
920
1016
867
914
892
914
1067
858
1060
922
915
1092
920
885
920
914
918
962
918
891
1040
879
866
974
915
913
921
928
1069
919
1038
912
878
882
926
1085
859
1063
914
924
1065
910
897
880
845
926
942
854
918
912
1033
927
923
865
917
1085
924
903
862
14194
962
1141
917
1041
1081
939
944
924
1015
890
968
976
923
951
958
948
938
927
945
940
959
1067
951
950
891
945
1123
959
953
916
881
929
923
897
1109
1084
1083
947
968
1097
947
919
1100
1121
1079
957
1119
963
1129
945
1054
956
917
905
910
922
893
891
965
1113
950
957
934
893
952
1066
984
895
959
954
1136
910
939
1066
881
959
1111
896
965
1071
957
1141
955
950
944
1107
965
957
1038
1058
939
888
921
1084
933
1097
1082
950
1121
14062
970
1144
964
937
944
930
936
943
890
969
959
1104
900
968
912
959
1157
914
960
1083
954
1072
961
970
1073
941
916
928
924
959
962
959
958
931
994
923
924
979
1060
914
901
957
916
1138
961
936
1039
1139
975
1099
915
942
962
939
959
960
913
965
962
962
1005
1078
964
911
962
955
1148
960
927
1048
1148
958
1068
957
951
1002
1093
964
949
1101
960
1128
1006
962
950
958
1148
1151
942
1070
957
970
1146
890
1134
964
931
922
906
14198
948
1129
1113
996
899
930
973
979
967
1048
965
972
972
941
1141
919
967
1096
944
962
961
965
929
957
917
970
964
997
1012
990
965
966
1107
966
964
955
1047
1167
969
954
933
913
928
1058
966
971
942
1123
1166
971
969
970
945
900
919
915
949
970
1070
1107
971
969
974
976
1084
944
960
938
951
975
1071
913
966
984
977
925
1110
913
936
961
971
916
1112
955
950
974
998
1150
976
930
948
997
980
918
922
967
910
1151
934
14189
973
971
968
964
918
951
967
1171
939
984
966
978
938
898
969
966
985
1091
970
971
964
952
983
1162
924
965
963
1080
944
965
916
1129
932
967
1122
951
1131
970
1027
918
950
970
962
931
1128
950
1012
1014
953
1068
1127
1114
904
970
1136
1170
971
1089
966
969
1167
1096
940
972
963
1156
1147
979
901
976
1135
1166
914
1084
923
958
1135
1117
982
1166
964
948
966
974
948
1001
990
910
967
974
964
936
1079
966
969
968
935
1171
964
14417
1107
939
1105
906
970
932
971
925
1082
970
966
1107
917
899
987
908
907
966
968
999
969
82
78
904
836
936
80
85
965
902
860
967
967
1052
1091
1016
1106
995
92
961
76
1159
968
936
85
86
1145
922
85
89
969
952
967
83
967
1117
947
963
1076
941
960
82
1082
1140
979
962
901
860
82
1123
1028
77
913
80
1158
1112
972
966
961
973
1090
967
1122
968
926
1158
909
1125
967
1073
1041
965
978
1135
1094
1158
982
1143
1030
13703
905
990
1088
1060
1029
952
943
948
944
947
951
946
944
1038
947
917
903
962
938
942
942
948
1023
1052
947
905
933
942
1115
892
911
1120
1075
945
995
932
950
890
946
942
1059
937
914
941
970
935
941
905
946
938
942
911
937
936
937
936
941
941
900
938
928
938
887
887
947
936
944
1071
941
1079
916
942
880
958
941
1078
911
941
937
939
1110
947
946
935
1018
951
1113
945
945
949
951
943
952
943
960
943
928
928
928
