Execution time (ms)
9051
8345
8165
8227
8133
8393
8098
8055
8315
8255
8192
8041
8073
8230
7991
8068
8246
8167
8283
8271
8235
8545
7930
8337
8416
7859
7924
8023
8084
8044
8289
8245
8036
7784
7874
8199
7980
281
8016
8045
7934
7629
8189
8364
7993
8101
8213
7984
8101
8060
8040
8285
8295
7876
8058
8380
8110
281
8054
7983
7215
8093
301
8312
8360
8748
8240
7813
8227
7987
8196
8249
7943
8116
8181
7978
8154
8146
8258
8012
8355
8126
7971
8123
8229
7922
7941
8063
8227
8287
8063
7801
8102
8056
8021
8057
8743
8188
7513
8156
