Execution time (ms)
8502
8246
7475
8190
7804
8103
260
7530
8153
8107
8730
8029
4675
8213
8126
270
7971
7755
8149
260
7912
7591
8085
247
8341
7983
290
8284
8337
8329
8175
8124
8131
8039
8061
7912
7831
8187
8250
7757
7634
8224
8245
7961
7972
8061
7223
8527
8215
8054
8340
8111
8155
7968
7731
275
8038
259
5871
7461
8471
8126
8382
7954
272
8249
250
8380
8055
8234
7622
8428
7921
7977
8053
7962
8328
8139
8256
8400
8233
8337
8257
7883
8239
7966
8164
6205
7799
8275
8563
8292
7967
7187
275
7652
8514
266
8069
8345
