Execution time (ms)
11932
682
639
643
586
644
634
657
647
633
729
669
637
645
661
630
638
637
632
632
585
660
691
711
657
587
710
656
596
585
719
605
682
711
670
634
651
639
645
655
634
605
629
654
627
593
635
632
605
588
608
742
610
637
639
647
671
724
715
647
675
635
622
646
647
707
647
644
636
656
617
626
658
644
644
774
767
596
627
637
643
648
717
745
617
652
699
642
640
635
661
645
667
751
638
636
625
641
644
652
12258
701
673
673
741
650
673
668
780
647
689
759
671
668
726
677
679
765
670
638
786
693
654
678
647
670
719
733
710
670
699
670
672
820
771
675
723
678
666
654
644
674
791
709
686
687
741
616
625
774
677
752
677
673
628
608
650
789
719
677
678
776
751
673
740
678
685
735
641
722
656
641
672
644
635
685
645
674
628
625
656
604
629
604
677
698
616
655
649
726
790
674
673
691
672
654
675
624
638
659
12456
798
635
731
791
742
675
664
691
661
709
684
616
622
664
670
666
688
670
712
676
720
660
668
710
697
677
666
687
661
649
686
704
666
620
673
670
690
684
759
652
672
800
667
680
651
787
786
654
680
652
706
682
672
674
791
663
660
673
739
684
610
671
671
660
719
625
664
670
605
775
670
674
729
812
709
795
671
764
600
738
678
674
748
732
803
745
793
733
668
666
681
664
662
732
751
666
667
665
664
12166
660
607
663
672
655
659
666
659
625
668
669
747
638
631
671
675
717
667
600
660
664
665
675
658
684
668
740
699
700
660
700
784
667
686
676
767
615
668
648
664
666
660
694
769
757
686
611
651
740
660
656
673
666
669
660
668
684
736
688
730
673
671
680
672
665
662
685
661
727
674
676
724
662
664
606
658
666
653
667
11867
716
667
661
673
627
660
665
679
630
681
805
785
672
679
771
670
665
663
728
12736
682
662
656
628
671
607
707
610
612
795
637
677
670
676
690
669
677
679
652
782
701
676
617
721
674
620
607
722
671
680
677
689
675
739
750
674
638
623
626
699
813
784
653
720
691
700
716
675
683
717
677
667
732
684
675
744
647
693
700
695
671
746
623
768
762
673
650
674
624
671
684
723
675
676
698
680
674
774
697
673
753
757
708
787
677
700
656
782
788
680
667
778
688
665
694
668
798
696
673
12342
732
797
623
725
711
637
690
668
671
686
788
688
633
752
649
666
831
687
711
611
691
672
645
685
680
677
701
685
677
687
671
755
678
679
633
729
653
639
712
763
695
825
717
799
676
791
674
811
662
674
762
793
684
779
656
735
672
662
679
635
748
659
678
609
630
646
671
683
670
658
664
650
684
730
680
688
705
755
685
683
686
679
796
674
713
795
712
673
643
680
681
743
695
671
619
735
662
684
666
12356
744
623
702
649
719
699
673
769
736
654
700
657
789
784
720
687
731
676
632
680
686
679
752
675
695
664
671
683
664
669
629
663
673
686
681
668
626
727
668
695
752
676
734
679
731
668
677
668
697
828
671
776
697
789
635
699
631
611
688
670
671
675
686
682
674
699
721
618
668
672
625
641
676
692
649
704
683
658
791
676
695
707
672
823
650
668
641
683
672
677
682
699
652
665
639
645
690
749
806
12119
657
634
664
656
654
685
659
613
630
622
622
700
657
652
673
651
655
647
643
673
678
652
657
652
648
651
659
659
626
657
667
677
608
652
641
666
767
667
670
664
781
640
702
622
690
666
713
658
677
647
653
651
657
653
618
699
768
613
701
657
657
598
656
682
674
692
660
664
776
673
644
772
724
627
689
659
654
700
663
665
668
655
650
659
653
655
654
655
661
699
674
645
607
1032
654
651
662
665
678
673
1110
696
699
718
651
644
671
683
673
672
683
678
650
727
685
738
776
714
666
661
769
666
668
752
803
688
664
676
669
635
636
667
667
662
669
679
666
667
678
666
776
633
747
832
675
662
679
666
632
672
868
691
680
679
754
801
718
1088
767
664
676
676
691
667
784
795
696
683
801
712
673
638
613
746
688
668
745
640
747
809
700
630
623
605
730
685
674
663
729
731
679
670
675
672
694
666
690
616
609
12258
675
677
737
755
669
648
661
645
651
650
682
682
695
655
602
662
675
635
659
710
640
664
719
643
714
676
662
645
641
654
737
689
614
779
606
598
656
666
652
787
638
648
647
651
651
640
655
618
649
658
650
647
667
646
644
680
681
654
1111
699
653
646
620
607
655
689
619
651
665
640
649
767
748
763
696
655
717
645
636
706
705
649
612
644
674
655
641
648
654
834
656
652
654
631
671
641
647
680
672
742
657
661
660
76
624
81
589
712
76
626
597
606
579
104
76
635
81
76
584
616
625
785
240
637
1060
570
609
606
627
77
610
604
729
72
643
567
605
658
705
620
592
729
627
603
75
621
582
628
664
596
591
682
198
658
79
78
602
628
678
628
723
665
744
641
560
702
676
81
657
75
631
80
69
629
75
643
79
580
631
80
624
747
73
586
72
664
693
79
737
581
76
580
759
73
682
619
726
579
625
12269
701
828
671
672
673
600
699
669
641
629
671
767
685
695
666
689
670
662
678
660
812
666
670
624
640
760
716
659
682
770
679
700
678
692
636
646
1124
661
659
12408
742
689
670
660
660
657
664
655
729
659
674
662
668
655
653
656
659
791
777
819
644
623
687
668
664
680
695
659
627
1063
654
697
642
610
655
657
652
746
659
608
658
638
658
670
762
661
693
659
702
682
663
653
655
667
658
618
655
662
644
820
681
627
774
626
711
694
688
667
672
799
677
678
634
650
695
815
674
783
682
620
676
664
710
675
639
680
686
758
1278
683
658
757
732
661
1040
678
670
673
670
681
628
1087
670
734
702
676
666
675
675
644
814
668
682
682
680
712
771
682
680
677
714
674
687
680
677
671
634
687
672
625
677
624
639
682
679
672
683
680
671
668
677
682
675
695
757
670
721
697
670
703
649
669
679
682
668
768
624
817
670
11840
660
611
628
621
741
1099
690
666
651
606
659
775
669
643
657
652
654
630
642
659
642
655
624
632
651
642
723
657
623
656
649
642
731
634
770
646
641
646
646
644
641
647
658
659
649
598
651
646
663
703
755
606
748
674
591
651
648
672
676
643
702
658
647
612
652
1145
778
652
682
662
638
653
1266
626
691
680
743
717
1113
633
675
652
644
647
638
1207
652
671
661
662
648
639
605
749
650
647
653
760
643
12194
679
631
636
660
666
640
662
662
686
677
711
682
676
693
665
672
640
660
670
712
678
701
678
637
595
631
662
1144
656
640
660
665
657
656
854
661
787
694
774
617
659
1144
667
755
668
616
683
644
1115
671
771
667
744
669
705
673
774
628
672
754
622
672
615
681
759
650
668
657
710
623
671
675
627
664
648
676
668
667
663
619
696
646
657
606
667
664
665
662
670
668
634
646
668
654
773
668
650
602
707
684
666
761
633
653
634
611
649
755
674
672
662
627
657
624
1183
669
647
672
615
739
679
945
667
626
614
759
722
663
1103
665
666
627
675
616
638
688
618
600
612
668
655
669
692
696
671
668
667
630
689
650
810
654
677
638
752
667
642
629
760
640
751
635
633
689
667
649
681
743
825
685
622
654
628
610
713
629
684
741
682
619
702
609
681
636
629
666
667
1152
668
645
638
666
666
678
1019
624
654
622
712
13513
733
682
718
658
734
665
653
734
719
627
672
672
655
710
665
617
623
606
747
625
699
676
758
786
662
669
709
662
612
635
660
666
609
661
664
664
700
617
660
678
667
673
669
672
669
661
620
723
618
674
676
689
663
649
615
682
692
1145
696
619
723
651
756
644
659
640
660
685
661
654
681
1102
665
666
659
620
662
621
1093
643
630
675
688
718
652
643
627
712
611
674
661
602
744
655
666
634
675
709
695
12104
660
616
674
651
615
655
669
648
655
619
670
663
672
601
760
648
654
639
662
661
673
1106
764
660
654
664
645
648
1156
732
743
650
702
621
1165
660
646
614
654
610
648
1089
708
652
593
1259
747
646
649
650
602
650
677
618
734
695
593
650
631
656
787
737
652
716
651
657
627
662
648
676
656
656
604
607
741
656
616
642
745
776
664
710
764
750
605
595
754
661
647
650
664
648
601
651
587
734
611
760
724
13137
697
743
666
643
650
643
650
648
605
672
658
594
681
753
735
691
756
767
631
604
666
611
650
650
630
623
645
607
604
644
655
745
650
605
607
615
661
694
717
618
610
743
642
765
646
592
642
646
649
648
628
643
625
656
741
607
745
1108
607
657
673
649
646
1173
604
607
614
601
649
652
645
696
627
654
649
711
610
719
703
711
734
654
611
623
645
597
661
662
635
651
621
645
654
662
739
655
747
647
653
12334
639
663
607
672
658
640
813
609
670
656
720
705
618
947
668
655
706
825
632
839
766
799
646
662
615
653
625
617
741
615
661
644
659
617
599
688
663
721
641
672
670
750
676
664
596
669
657
658
650
667
673
654
654
621
766
652
715
647
652
632
627
623
661
630
598
664
625
665
674
670
609
658
667
1088
629
751
623
615
656
722
657
653
604
763
755
690
663
656
596
658
657
660
741
677
707
612
659
655
664
6379
690
705
660
616
727
676
623
602
612
609
656
976
604
607
594
628
601
658
629
634
678
724
655
652
668
735
612
609
593
666
654
713
673
619
761
750
624
700
627
646
662
622
668
724
656
618
653
663
645
590
622
643
617
610
706
657
621
655
654
661
589
605
651
668
610
612
661
622
665
609
620
659
662
668
663
697
662
641
621
617
658
632
614
623
751
1088
631
599
657
592
659
674
662
659
671
653
614
657
609
12088
600
635
640
727
664
624
749
728
706
633
688
607
644
691
680
654
638
642
634
692
640
642
683
598
692
721
640
670
943
639
588
621
609
640
641
608
1066
591
747
643
708
597
633
586
676
732
655
639
652
647
640
593
636
641
636
682
636
640
693
764
617
660
599
635
641
611
643
598
640
635
633
631
684
634
601
585
756
663
629
643
586
641
616
638
624
622
603
621
783
646
625
681
628
714
642
636
629
1090
660
11607
656
639
762
664
804
609
624
736
637
653
680
653
627
672
651
599
653
618
613
653
650
757
658
695
606
652
613
656
673
649
638
700
660
599
656
654
632
725
694
626
1181
657
697
737
655
662
648
655
733
607
608
648
618
654
654
614
655
617
764
626
614
698
629
660
617
660
660
617
614
664
605
606
655
693
608
644
633
653
658
685
673
653
648
610
659
653
654
603
657
726
657
639
615
658
655
664
648
619
677
12127
632
630
656
584
626
576
602
570
628
743
616
619
630
636
626
719
617
623
569
631
672
666
634
590
712
671
617
702
632
620
635
636
610
627
700
603
610
579
643
642
658
702
610
625
619
737
757
637
625
631
629
642
629
582
670
610
678
626
690
588
627
592
638
633
626
612
623
633
671
633
647
634
628
653
632
626
631
634
627
659
594
650
636
664
624
621
576
629
635
631
621
666
578
602
678
635
646
638
637
13461
628
677
693
653
672
668
667
649
674
676
699
760
667
752
628
765
658
671
612
697
661
675
644
743
696
627
666
760
684
677
664
656
695
797
621
708
603
641
805
629
645
692
668
657
780
712
618
677
660
681
810
731
658
780
683
1167
733
666
671
748
718
642
670
668
710
695
619
666
649
665
661
666
667
667
659
670
664
674
704
662
674
660
646
800
667
662
719
824
806
806
768
666
668
674
674
679
675
692
641
12319
683
703
666
1095
676
770
672
779
737
1259
662
639
610
763
646
674
1198
767
662
668
684
666
675
683
779
672
622
699
729
803
660
702
728
667
668
662
665
668
618
640
730
691
657
719
729
669
674
683
738
725
634
794
650
626
613
618
646
681
787
775
712
673
666
685
670
664
671
680
665
749
656
693
664
663
1143
707
749
702
703
796
1287
817
742
670
771
751
653
666
656
668
658
669
630
671
656
680
765
673
707
667
806
769
658
616
660
658
661
662
666
666
778
691
722
692
731
661
819
674
659
613
662
667
608
727
619
671
711
795
785
792
1279
778
675
677
691
676
1140
654
643
629
627
658
671
731
711
641
660
621
680
659
679
786
675
660
657
673
664
658
610
667
668
622
662
664
660
789
731
665
666
677
792
707
666
661
665
660
645
647
683
663
660
706
766
642
696
621
613
610
657
662
602
598
617
626
645
1141
716
746
657
12317
727
661
685
731
684
663
683
671
661
761
624
688
681
664
660
667
623
763
684
674
657
640
668
668
660
671
686
684
754
678
787
785
751
746
708
670
664
678
660
653
664
620
792
861
796
663
658
682
672
650
820
699
658
673
665
625
820
670
671
676
655
816
811
736
690
627
635
669
665
625
604
657
675
670
658
671
793
792
665
641
675
792
824
799
669
667
668
732
721
660
662
683
666
660
752
668
666
673
667
13168
770
665
746
645
866
802
802
681
663
740
689
664
668
681
666
653
664
667
608
627
655
667
656
664
661
652
651
656
655
639
662
651
632
676
749
664
612
767
652
673
640
641
677
673
749
688
654
673
721
699
721
670
610
640
722
663
1278
648
689
673
732
670
1167
648
659
636
664
660
657
783
644
639
665
655
748
674
750
652
627
634
657
636
676
671
715
785
661
607
655
604
662
663
660
665
655
660
791
643
668
12666
652
709
665
1117
645
716
784
659
669
703
663
656
688
763
728
729
743
691
656
664
723
778
761
792
708
613
667
609
587
587
662
655
649
649
673
667
628
642
742
662
792
651
663
647
660
646
648
608
649
609
627
684
729
655
662
656
675
641
650
653
692
782
1299
717
620
645
658
651
1169
626
656
677
756
655
639
780
656
604
615
650
650
645
727
612
647
699
658
685
724
663
712
654
691
658
648
650
654
761
702
12338
673
666
685
657
668
686
671
660
660
665
1324
674
658
675
659
663
669
677
765
617
658
723
616
679
1074
662
650
642
688
663
713
653
658
600
597
629
733
659
620
613
679
704
663
703
688
673
659
668
668
668
660
664
680
667
686
804
668
742
661
646
655
670
656
720
781
608
613
630
642
662
750
809
662
660
773
660
667
677
692
683
659
666
729
842
737
658
659
700
638
687
730
797
661
734
659
621
654
1151
626
11943
792
635
769
623
674
674
645
672
673
761
664
674
659
677
618
666
671
666
660
755
797
673
608
614
685
702
672
632
661
638
662
635
663
667
628
625
648
680
731
1114
742
659
756
671
667
661
1164
704
660
627
664
710
673
661
732
665
806
682
691
803
613
781
668
658
689
624
607
602
665
665
686
691
792
666
657
757
647
674
657
658
661
678
670
706
776
683
672
662
662
682
625
666
664
789
661
678
659
669
721
12594
683
602
668
615
675
661
732
659
667
683
696
631
731
776
683
619
688
667
674
649
626
670
660
657
623
700
662
627
671
692
782
791
717
658
668
728
694
666
673
756
628
721
777
624
614
853
760
664
648
800
661
658
803
680
663
665
649
671
690
1037
736
669
673
672
665
666
611
664
671
782
661
661
672
669
665
712
665
671
692
671
616
660
616
669
660
673
668
608
654
670
657
676
793
685
672
643
673
659
672
12897
1170
642
652
662
658
655
642
681
648
654
673
660
673
644
643
651
644
656
651
660
653
676
705
660
664
640
655
670
733
615
702
647
653
680
679
651
799
776
721
670
648
591
644
647
649
647
684
719
782
654
655
680
648
624
702
629
786
661
659
1080
728
620
626
634
658
655
616
1164
629
660
653
769
748
652
830
657
647
790
591
614
666
659
765
704
810
719
702
605
660
772
797
782
654
639
606
613
654
661
659
12249
630
604
756
772
670
702
763
1089
673
691
662
809
689
821
1128
682
683
680
675
679
1129
847
780
666
684
665
674
653
684
676
672
662
662
666
721
668
699
668
662
634
624
608
659
664
676
692
675
662
656
665
673
686
672
648
668
667
731
819
794
674
609
602
673
672
655
630
676
676
688
695
664
685
665
661
664
647
671
786
669
650
660
661
698
789
747
661
670
669
675
667
727
649
665
661
663
780
671
674
673
12343
661
655
656
672
641
616
654
653
654
615
657
653
651
722
680
647
649
651
661
647
627
655
661
657
720
659
1108
769
712
603
793
672
676
781
651
658
648
716
758
660
648
688
662
638
629
656
696
629
785
780
888
657
776
727
651
670
632
653
664
670
666
664
656
656
651
651
608
649
682
655
652
653
654
650
660
685
659
653
660
658
740
795
649
647
682
652
649
654
772
656
735
689
1173
705
616
659
788
655
658
12041
729
631
641
634
641
685
634
655
640
635
629
642
575
670
636
616
648
645
639
632
768
790
653
649
635
605
625
609
732
630
618
631
733
599
760
1133
655
763
589
679
636
628
633
622
754
630
642
629
647
697
648
732
635
641
636
641
582
658
632
660
635
642
681
638
630
635
640
643
652
642
607
596
638
628
631
633
632
636
657
632
644
631
628
629
631
633
629
628
632
646
644
633
642
677
646
639
1312
631
634
12955
624
707
658
655
641
643
648
643
655
592
659
641
651
695
646
647
652
677
635
653
654
637
637
639
686
720
638
665
650
752
638
588
648
644
640
638
779
639
640
636
649
640
640
657
728
1030
645
641
756
585
625
646
1102
767
620
684
627
784
638
644
643
636
641
652
640
638
650
642
766
596
647
658
644
636
643
636
739
662
650
655
652
639
637
643
636
648
664
665
649
674
717
643
656
649
636
645
638
685
637
12813
667
835
702
671
736
658
663
647
728
638
654
666
668
658
687
606
603
674
641
665
663
671
667
647
673
823
777
704
779
634
689
666
674
809
742
640
717
751
663
608
645
849
626
778
718
660
801
679
708
750
660
669
1281
717
737
756
751
776
1008
677
674
665
649
683
677
661
662
704
604
606
671
670
664
659
662
667
666
672
625
695
682
663
658
663
636
642
697
752
662
673
644
671
661
664
673
991
617
620
1867
12731
749
679
766
623
621
662
636
693
711
616
667
673
671
640
663
746
681
723
617
737
607
693
631
665
720
685
679
825
655
603
678
631
639
623
653
682
752
652
649
625
645
698
1092
653
652
649
652
672
639
1266
704
635
642
821
649
650
1109
655
671
867
614
746
695
1139
619
748
645
608
646
683
1112
642
675
693
645
667
787
1206
586
585
648
648
698
650
1243
623
692
644
656
667
640
1288
650
641
648
691
655
1260
646
646
672
744
664
662
730
625
669
656
660
682
638
1113
628
671
635
626
777
667
671
618
684
657
654
640
644
677
656
669
708
749
766
772
717
807
698
668
672
726
677
665
741
681
675
663
709
636
772
662
795
648
704
807
680
669
689
666
647
807
633
715
674
689
677
714
775
645
642
729
664
1248
766
781
668
672
671
1100
799
706
744
670
700
1109
688
636
675
664
674
668
1023
671
696
666
695
703
627
929
790
628
671
10949
674
662
862
671
633
658
806
816
617
805
694
770
745
677
701
664
725
718
646
691
671
790
621
735
724
650
707
722
786
671
636
737
763
679
620
737
654
650
663
669
665
600
617
659
720
638
646
688
675
699
681
724
720
670
680
657
683
786
626
624
1183
655
668
662
612
663
673
1124
754
789
770
619
685
893
634
670
754
652
678
662
1127
661
674
663
663
666
776
823
714
710
735
775
661
608
790
630
642
656
638
12989
764
726
678
724
810
667
690
648
746
810
814
622
669
723
647
806
753
698
688
731
623
717
644
736
740
650
698
673
681
662
686
1194
669
758
611
648
649
670
1193
645
661
692
677
715
1178
668
673
763
801
661
679
700
663
664
689
626
618
670
718
727
652
623
614
645
740
715
677
750
665
755
778
742
631
725
706
749
752
672
776
13012
834
653
660
711
701
751
723
782
711
812
660
671
720
610
761
638
777
775
739
643
731
740
648
660
765
658
729
657
676
771
650
1139
648
677
686
691
593
759
1023
715
606
590
640
632
637
1161
720
651
662
736
773
768
1129
668
639
634
742
642
1177
670
669
625
636
639
670
645
602
640
620
726
741
658
774
658
651
738
684
632
669
685
635
670
638
620
724
653
651
771
659
663
671
660
672
664
764
642
694
642
647
638
638
635
632
648
683
661
672
651
644
632
627
690
750
612
663
675
648
1041
640
13186
758
688
657
630
752
635
688
624
1500
701
664
733
685
657
622
640
648
807
668
725
695
683
651
682
757
802
754
677
822
668
680
695
690
742
660
684
695
821
678
758
1121
812
712
723
699
669
598
669
882
745
731
670
689
667
753
655
1128
677
699
789
665
605
666
1272
737
697
657
635
621
1098
659
731
778
672
648
667
1117
689
796
668
652
622
687
1247
662
639
662
655
718
1106
709
665
660
756
805
625
711
743
629
12624
698
710
12169
621
653
1108
662
556
661
3730
638
3026
761
656
658
721
700
238
618
670
853
2757
750
734
1228
636
600
610
584
812
809
731
618
661
691
756
614
79
610
863
822
706
676
668
679
845
614
82
649
644
788
840
583
681
726
676
80
608
620
685
668
679
618
692
671
662
595
614
630
798
687
704
590
618
674
659
594
799
675
647
687
672
593
637
719
616
597
625
591
709
640
1343
614
661
738
690
626
698
1100
13177
794
1159
756
716
752
646
610
648
1251
648
688
761
721
645
1263
849
642
624
640
640
719
626
636
633
641
627
616
614
627
708
716
647
659
640
650
647
643
626
713
625
714
765
780
649
694
630
618
652
640
649
650
614
665
643
665
672
662
753
681
667
609
634
646
696
764
668
755
642
604
616
664
620
696
754
1120
621
638
680
665
636
610
680
728
742
672
651
684
651
1227
640
665
644
705
682
642
684
1139
635
767
13194
677
623
641
650
632
613
1181
642
612
645
653
622
646
666
661
645
638
745
643
634
668
1133
643
640
655
604
698
586
633
753
723
679
770
692
1272
677
631
727
633
640
677
820
647
654
659
643
619
676
598
689
720
709
711
631
585
604
647
715
635
651
723
682
662
633
1125
673
724
701
646
695
581
1066
632
1093
613
649
649
662
858
649
616
642
749
671
649
1052
588
650
685
706
671
698
863
743
756
765
632
688
634
12273
704
649
757
734
713
12330
833
683
1156
673
649
776
674
650
660
1096
684
609
623
631
601
594
628
1146
711
745
685
742
672
1097
621
703
670
663
652
677
929
735
722
625
744
651
725
803
644
707
638
690
647
660
675
1131
713
665
715
670
674
647
647
673
666
609
628
638
659
697
743
627
742
631
743
662
658
764
668
648
851
680
750
652
654
666
673
662
657
665
980
690
711
752
602
709
666
1054
690
686
673
655
678
12970
608
657
615
656
656
1267
721
714
630
695
659
809
665
737
754
665
663
652
650
661
671
656
646
657
659
715
678
717
656
664
738
680
771
784
626
691
651
669
674
657
660
638
662
659
723
630
751
693
633
632
632
706
735
705
730
758
663
661
652
712
666
711
946
718
653
722
722
651
701
816
654
684
615
631
654
674
657
636
775
649
644
740
799
708
643
615
676
727
667
778
780
1156
677
780
623
736
790
943
710
12424
668
650
799
727
658
636
651
794
727
667
647
726
655
595
660
738
654
774
663
656
664
721
743
653
672
654
660
631
718
648
792
806
704
660
660
680
732
796
706
651
691
798
664
655
659
1230
651
685
623
744
976
795
606
597
661
688
696
729
613
1214
659
658
624
623
652
747
1563
656
711
761
640
769
699
745
670
664
658
648
741
639
641
637
693
671
646
672
729
825
640
733
758
672
663
838
651
661
651
805
969
12509
686
754
710
737
948
777
661
660
723
783
687
780
723
831
827
680
643
653
786
692
622
705
644
676
644
814
677
670
612
739
737
664
1104
671
645
718
688
697
685
686
733
665
664
789
677
691
664
795
741
716
679
682
659
673
736
672
663
636
668
667
661
741
678
676
763
782
824
705
759
681
845
706
694
689
654
639
677
829
757
675
830
673
705
813
663
813
785
722
764
753
815
738
768
701
1027
677
645
639
771
13312
702
12969
804
822
781
767
771
669
678
770
648
671
645
743
665
703
700
660
665
719
735
670
745
778
810
663
669
713
680
671
697
790
687
668
772
613
624
707
655
759
717
712
638
707
1101
692
702
685
650
637
644
841
798
684
675
709
663
664
1098
666
723
674
647
752
754
1287
772
702
666
1011
1017
666
605
665
651
666
666
665
1272
740
653
679
777
802
984
673
693
666
723
681
788
672
701
665
678
678
665
657
662
12486
672
616
704
1010
764
670
740
675
624
654
1152
685
724
639
800
758
673
1225
689
668
716
770
695
664
850
669
768
611
661
622
660
740
638
688
657
668
654
667
685
655
706
652
613
690
791
664
656
726
662
637
655
666
687
651
698
691
756
657
659
755
670
669
616
690
732
669
658
734
605
805
682
650
614
703
619
709
629
655
665
689
635
676
656
687
718
676
759
637
751
672
707
790
785
625
629
665
614
670
670
12231
660
630
644
653
650
795
665
665
629
676
686
649
727
660
668
711
802
782
664
673
659
738
658
744
630
770
653
601
700
665
642
665
686
679
663
663
666
660
666
683
657
656
596
656
656
650
673
610
660
703
795
667
732
663
669
655
656
656
669
652
660
673
641
717
647
678
651
740
634
679
661
633
619
656
660
649
613
665
663
658
673
653
642
689
667
648
762
673
706
695
786
754
697
766
699
681
657
665
658
12519
673
727
603
743
671
682
648
643
711
647
664
662
676
666
610
698
669
675
760
667
765
734
635
644
712
689
639
752
798
680
687
745
657
700
668
673
693
667
676
683
680
658
662
672
666
700
680
688
664
677
669
669
682
664
660
632
827
715
676
699
816
639
775
668
691
685
672
667
606
662
667
749
699
620
841
757
664
616
674
611
678
755
792
703
624
654
784
641
607
670
651
669
684
682
751
669
666
723
673
12076
651
644
638
676
641
635
643
620
757
618
734
718
636
644
644
628
643
654
630
649
639
647
640
624
594
636
651
615
631
681
643
659
633
661
591
671
639
647
668
648
710
694
675
618
648
674
631
655
702
654
636
649
594
631
586
649
729
692
774
767
666
619
642
634
680
657
634
582
634
590
638
609
640
649
637
701
582
751
579
646
755
637
638
639
641
627
643
668
697
620
623
638
717
762
604
629
757
641
636
12323
681
653
659
614
753
661
655
791
787
685
686
653
660
777
655
694
636
705
661
755
676
674
716
770
667
642
668
666
646
650
654
660
677
724
729
634
610
592
665
706
645
768
711
650
673
657
656
692
657
742
718
708
654
785
744
743
650
666
665
655
651
681
647
652
745
646
651
673
609
616
655
671
656
746
677
677
684
649
671
670
784
637
760
667
751
671
658
604
662
743
746
672
766
650
669
784
727
695
729
11844
616
581
629
670
638
588
763
714
633
616
611
633
624
626
756
729
634
637
634
649
648
625
700
647
601
633
650
627
644
648
638
653
589
637
646
630
635
625
630
596
641
617
627
605
645
657
586
636
625
587
629
587
633
648
631
651
695
629
600
597
630
627
663
721
595
712
650
628
627
648
706
641
761
666
712
674
639
591
608
629
640
654
710
641
636
622
694
682
637
641
630
723
714
634
632
624
640
635
586
12187
735
654
720
631
676
645
657
653
654
642
634
702
637
669
693
702
634
631
639
628
646
639
638
631
636
675
662
638
732
584
739
640
645
639
638
746
738
734
751
654
635
631
690
634
576
634
634
672
590
637
634
582
644
594
639
582
637
626
635
616
719
639
639
625
643
639
653
647
691
632
606
661
668
628
622
644
636
619
632
657
646
582
604
640
642
694
638
731
607
663
626
638
638
610
632
645
635
635
649
12288
666
758
706
749
652
643
657
732
677
641
638
649
648
672
595
596
766
655
724
725
718
756
692
675
665
657
680
744
706
786
757
740
722
724
648
695
748
778
652
630
664
768
654
728
650
651
667
644
642
647
683
651
643
758
742
646
647
665
758
659
666
608
635
695
749
668
600
656
652
685
723
649
644
671
670
650
625
650
650
673
649
603
612
713
636
597
645
649
664
674
649
640
604
767
645
603
627
691
641
12296
669
755
768
641
664
733
707
670
662
627
618
796
694
732
670
657
746
759
671
682
658
652
702
814
660
822
655
658
681
757
665
686
673
662
669
719
749
680
677
807
670
658
688
712
704
668
660
672
744
660
670
750
739
658
674
790
678
626
712
607
809
699
633
690
808
774
751
722
622
667
653
668
625
658
655
661
674
661
666
666
662
674
689
696
668
719
665
744
667
660
662
683
663
660
691
759
699
802
708
12075
697
647
653
648
655
649
689
744
606
614
660
610
711
643
778
760
614
652
690
662
643
708
759
656
649
706
645
703
656
644
660
649
645
647
649
659
688
644
788
656
648
749
630
659
760
633
651
671
668
650
776
704
595
610
614
654
673
650
771
614
660
651
678
699
614
657
698
658
664
655
662
655
621
636
681
647
651
655
667
653
646
646
739
667
647
650
604
650
656
607
737
618
653
601
627
658
623
617
656
12292
773
670
671
662
704
675
734
832
739
621
673
664
669
659
666
636
664
656
719
782
834
829
740
715
669
667
668
679
667
690
752
685
752
667
666
679
624
665
678
633
662
659
673
739
745
687
762
750
768
804
737
759
670
617
674
675
710
743
753
613
673
667
675
674
713
659
661
670
738
689
658
619
628
669
699
742
823
662
702
825
620
744
730
686
663
672
693
666
678
670
670
665
662
661
658
670
667
745
662
12061
656
726
667
652
647
660
655
668
664
646
624
647
648
655
655
670
620
620
628
655
648
658
656
646
652
641
594
618
617
673
603
666
647
651
595
650
657
646
655
648
647
645
744
754
649
691
699
655
616
698
761
773
757
719
630
647
644
653
614
713
592
600
596
599
627
603
747
650
654
692
703
683
640
661
686
612
781
681
648
641
651
646
673
649
737
692
794
646
656
727
649
647
650
768
783
645
683
662
661
12239
665
721
639
675
664
656
653
713
671
725
652
634
664
690
658
661
677
652
658
652
653
704
606
655
651
674
714
663
672
652
657
660
607
636
651
673
764
640
662
598
678
608
805
770
654
745
692
659
658
655
636
628
733
628
657
666
676
654
620
656
677
658
657
664
659
658
652
663
677
665
657
680
669
654
656
661
664
703
636
750
656
752
665
658
769
664
665
654
728
612
660
605
697
658
656
661
670
643
653
12365
672
651
611
681
712
658
650
659
695
665
602
657
658
647
814
667
700
629
796
783
666
667
656
682
781
617
663
650
674
662
753
662
658
656
705
686
747
682
790
655
657
657
765
686
717
660
673
666
692
654
723
736
768
659
697
763
720
656
652
646
805
681
647
658
766
682
628
665
668
638
666
632
676
795
656
680
619
724
659
703
643
655
704
651
615
654
768
616
601
741
672
667
671
746
742
794
666
668
735
12294
648
659
791
818
662
670
612
648
787
766
645
645
657
660
614
649
679
667
624
786
673
667
664
659
799
671
667
798
661
697
661
690
663
679
703
684
658
671
785
667
639
639
662
663
625
663
769
655
731
667
672
704
667
779
665
657
668
731
669
668
597
628
648
685
766
773
658
683
770
801
661
658
664
660
775
623
656
797
673
706
705
661
705
690
760
623
662
659
663
667
660
701
698
752
794
661
710
670
659
12173
740
736
652
688
657
671
646
640
646
655
644
602
616
654
647
691
641
660
747
771
780
668
630
700
739
751
710
749
759
704
654
705
735
661
646
668
665
651
646
643
759
646
656
689
641
606
654
708
691
765
644
584
643
671
653
643
676
691
671
628
667
645
645
646
655
697
730
658
661
656
629
643
599
743
705
662
686
676
778
739
763
601
653
647
759
667
647
661
692
615
722
648
718
671
613
779
678
599
641
12276
666
687
655
674
677
672
683
631
646
676
657
727
634
708
700
677
669
689
640
663
656
656
660
770
616
657
709
640
724
715
650
674
611
647
662
705
654
730
808
764
791
669
816
608
596
690
611
698
685
740
660
665
656
629
723
677
681
781
675
659
632
644
621
629
634
658
655
654
667
667
665
692
644
742
735
658
755
768
723
666
675
675
658
656
660
672
650
593
670
665
652
672
666
764
787
678
644
662
651
935
643
641
674
669
763
655
645
701
639
591
639
640
607
650
642
731
661
641
644
638
646
697
625
651
637
648
664
639
638
610
644
667
757
592
619
653
684
725
719
599
683
634
663
762
644
666
683
654
638
646
778
643
639
660
645
702
639
757
659
768
644
637
582
586
617
575
726
643
606
645
741
651
653
665
651
652
622
637
656
647
643
644
643
654
640
634
663
642
643
658
639
719
736
639
703
634
637
642
617
12429
659
766
743
643
656
616
659
683
770
664
657
673
658
670
662
608
661
666
690
659
696
726
800
674
657
657
715
678
655
684
723
649
665
682
669
668
684
654
632
663
643
668
655
683
626
660
742
707
687
771
621
673
659
668
668
658
669
715
659
697
693
666
672
661
645
768
678
662
671
676
665
617
666
802
748
616
616
784
665
634
684
742
662
745
622
663
647
620
687
668
669
658
663
684
661
646
671
661
663
12289
668
631
631
643
685
737
629
626
692
761
652
620
632
641
648
656
578
698
637
625
629
647
728
746
622
611
595
578
616
629
724
674
638
640
583
655
638
663
638
645
643
637
633
635
645
629
636
724
632
757
757
603
638
630
655
632
627
608
643
662
695
628
648
674
638
657
651
655
648
638
643
651
701
639
663
714
633
632
637
633
639
627
641
643
635
716
643
672
662
632
708
678
663
592
616
637
622
644
624
12202
675
661
734
614
657
641
682
786
660
793
658
724
602
638
637
663
673
695
671
714
789
663
618
655
730
643
665
653
643
756
659
647
689
758
657
619
600
748
667
661
621
672
664
702
655
681
657
667
663
660
659
679
655
728
665
785
693
804
706
602
659
669
646
664
760
634
755
660
665
665
683
781
750
667
665
685
719
688
614
769
718
774
718
672
656
660
750
693
667
683
669
649
804
659
657
656
655
736
640
12311
641
761
671
679
702
765
645
659
723
681
680
659
670
634
651
665
668
715
597
11809
627
599
643
657
654
654
783
656
695
659
650
676
669
686
660
650
659
633
652
654
689
651
657
647
662
678
647
650
608
663
749
656
660
650
644
637
782
653
655
668
655
652
692
745
668
653
649
789
669
657
647
753
642
664
647
652
657
733
729
600
654
587
662
659
657
676
689
685
727
665
661
660
756
606
641
662
660
649
761
11288
698
715
642
703
636
645
644
660
634
638
725
719
639
640
688
636
636
645
605
669
755
654
635
666
691
723
744
635
669
639
630
649
679
659
608
647
647
639
640
649
663
673
599
643
649
689
716
638
648
728
596
587
668
665
635
655
652
714
628
710
647
651
653
644
654
645
658
648
701
628
642
603
639
692
730
640
640
675
634
640
684
686
647
651
630
646
683
580
603
669
652
638
639
625
782
643
684
604
786
12255
787
638
681
634
704
725
675
653
668
686
676
698
664
660
710
689
686
627
672
608
631
656
652
679
669
660
628
642
678
688
797
803
626
674
741
708
665
691
808
668
619
651
657
680
816
675
799
669
701
688
667
720
772
798
675
680
702
775
672
676
673
675
778
615
610
608
614
673
668
674
714
813
666
648
673
694
670
658
674
670
682
666
694
675
675
721
668
676
609
675
717
672
658
620
679
674
729
661
667
12362
666
675
675
610
657
664
655
627
665
668
658
664
635
748
656
689
666
784
635
621
686
657
654
597
656
679
659
665
767
708
657
663
660
660
641
663
729
674
710
740
622
648
677
664
669
653
748
676
658
661
602
657
609
633
601
675
741
657
658
651
650
657
615
655
679
657
688
674
661
718
610
643
658
656
591
612
659
659
692
664
661
645
690
670
656
664
655
632
748
619
664
757
670
678
657
660
617
620
675
10825
610
647
722
654
646
706
588
624
633
676
649
645
613
697
720
697
615
640
675
652
656
624
640
646
655
692
673
580
635
616
733
601
650
658
683
629
639
638
647
640
658
645
658
639
722
622
654
644
642
654
608
641
632
666
725
686
684
729
668
761
650
647
645
600
653
683
654
642
637
659
642
620
609
577
653
635
599
646
670
644
642
653
653
681
648
601
764
666
650
642
661
622
662
662
688
696
643
664
619
12259
746
660
715
648
710
668
776
780
759
659
659
694
649
618
663
650
655
636
659
678
617
586
618
593
642
645
655
645
662
674
641
652
645
770
617
728
655
662
705
726
805
652
648
669
765
729
632
631
645
645
705
623
652
632
640
634
669
709
743
649
733
654
643
602
644
649
651
640
636
606
659
652
673
676
677
653
708
646
619
653
647
749
621
630
645
658
637
683
703
763
666
661
682
659
686
651
662
672
716
12314
686
811
682
725
683
633
677
663
673
668
717
799
788
686
670
827
682
667
675
641
708
802
618
672
664
667
740
679
698
748
697
822
616
649
674
655
663
617
687
671
677
668
677
652
665
671
668
694
667
684
668
650
699
687
658
792
705
719
689
680
697
677
615
675
671
661
654
780
617
734
733
642
682
636
750
679
624
663
658
677
671
670
709
706
612
627
725
679
692
659
664
627
684
675
648
816
633
668
706
12128
664
676
710
662
674
654
765
740
815
728
664
675
679
761
686
657
654
690
663
657
661
801
693
648
648
679
628
661
816
648
750
669
679
671
678
669
749
662
664
739
754
615
658
601
601
611
595
658
661
719
670
664
756
610
703
658
662
642
699
623
834
610
782
665
645
667
664
719
657
670
663
704
657
658
663
664
800
633
668
605
747
823
712
645
630
785
769
659
694
676
719
760
620
657
684
621
660
636
661
12232
750
678
693
739
649
661
658
817
644
613
659
613
636
720
662
748
648
705
654
664
708
646
650
635
652
701
720
680
797
785
659
747
653
671
722
656
656
689
652
659
651
751
656
795
653
715
670
655
660
700
658
663
669
745
693
671
764
646
657
613
656
768
716
605
667
673
650
750
653
654
635
697
750
600
613
687
628
655
652
665
695
647
700
663
765
674
655
646
684
652
651
660
656
648
685
629
655
674
646
12420
681
635
670
669
829
696
675
790
643
784
698
709
714
784
673
725
656
671
708
683
671
661
678
664
662
611
721
702
676
672
648
775
626
671
640
673
650
662
629
671
821
734
628
654
722
643
669
662
676
673
728
678
664
678
675
686
699
732
671
662
723
675
667
676
749
767
676
665
771
714
765
704
668
693
816
622
656
686
662
640
727
617
648
665
678
682
747
782
626
651
726
670
742
790
676
811
745
674
660
12074
675
806
690
788
648
674
666
661
664
682
813
838
663
615
628
675
795
692
728
768
689
668
660
688
720
674
693
602
664
649
674
740
827
702
666
665
675
676
670
658
695
698
658
741
625
793
650
726
811
690
672
652
815
625
603
730
667
674
667
679
684
670
689
671
621
667
701
665
675
675
686
703
647
666
673
763
671
674
681
695
747
676
716
660
661
674
610
791
702
661
769
688
753
834
679
682
681
676
665
12131
675
737
644
655
651
649
683
609
666
636
653
646
645
713
617
652
660
791
649
725
634
598
721
764
598
606
702
623
749
640
659
673
729
677
664
679
643
652
710
749
610
648
645
708
640
673
640
624
651
658
695
643
644
648
627
652
690
641
656
642
644
790
596
715
775
580
604
671
657
667
647
632
725
692
703
762
618
731
676
640
605
662
650
722
650
748
650
682
789
642
643
766
653
646
655
585
685
708
750
11964
727
768
720
611
663
717
790
762
676
659
666
664
703
656
657
693
664
716
665
672
668
656
660
672
662
654
648
658
664
693
660
661
639
662
636
678
724
658
660
597
776
686
664
659
654
640
612
665
664
749
661
612
660
665
657
655
720
674
660
659
667
734
650
773
767
750
690
664
677
775
672
662
658
635
655
686
759
663
672
743
789
704
670
666
712
693
667
662
656
629
621
675
680
772
782
680
605
784
632
12272
747
616
711
662
671
644
597
641
640
768
609
667
631
646
653
650
643
666
673
653
607
781
693
628
640
628
732
665
659
650
652
659
618
641
608
790
736
737
658
644
652
652
645
638
592
733
635
708
650
642
636
645
684
731
651
764
769
638
653
650
633
644
643
659
662
672
592
665
792
647
645
591
649
636
696
722
647
687
660
689
767
627
646
621
645
648
648
717
743
654
729
643
627
694
605
696
642
656
652
12340
683
632
817
12347
722
646
729
702
651
666
627
746
682
707
743
719
661
665
652
686
765
620
731
658
696
658
654
661
662
665
628
661
747
753
664
606
658
648
597
681
766
625
666
648
659
649
655
672
779
695
727
652
759
657
670
664
679
618
712
810
710
664
702
634
618
640
713
728
659
669
669
791
810
609
710
656
711
650
658
676
673
666
688
643
656
599
730
728
802
663
674
688
670
659
648
653
691
664
641
12203
759
705
660
763
648
590
631
684
579
647
636
630
621
608
614
760
667
763
636
631
756
632
731
674
686
633
614
635
627
754
636
729
766
752
758
633
587
654
628
719
627
631
633
677
639
605
637
573
597
630
590
648
642
660
623
652
676
594
636
636
628
640
672
640
733
573
570
603
698
633
641
650
658
625
724
678
599
631
616
646
632
647
707
642
735
634
684
747
643
698
633
723
655
621
615
636
657
662
752
12186
714
596
613
643
614
632
645
653
652
648
696
663
638
647
734
756
625
648
683
723
684
639
648
595
740
646
710
676
663
636
658
655
628
617
605
647
621
726
659
646
648
702
653
657
734
768
652
677
707
644
572
609
586
636
639
648
637
590
639
648
649
651
693
696
792
752
738
624
687
597
616
661
640
640
614
654
638
644
655
656
620
753
628
638
591
591
722
738
631
693
638
740
730
663
589
643
632
646
649
12492
783
665
670
815
675
659
777
705
820
640
676
649
807
686
673
667
809
703
724
634
727
673
678
663
814
663
622
691
631
668
673
669
711
767
655
735
662
683
684
668
757
688
669
698
691
697
662
698
651
613
666
671
623
685
634
669
677
688
673
660
667
695
626
672
806
637
665
670
621
603
656
785
677
858
678
690
661
669
765
771
668
651
728
688
696
796
699
668
697
698
675
687
726
670
675
661
678
671
679
12179
679
663
659
670
645
661
611
653
659
668
660
653
737
697
663
696
797
733
678
697
659
654
657
638
765
671
662
679
660
671
718
699
655
767
603
624
663
666
658
654
668
623
668
708
656
667
656
698
761
614
659
705
618
658
711
611
648
743
811
607
661
668
655
655
661
721
667
653
701
672
705
674
651
766
807
701
699
697
671
674
719
806
684
634
598
648
655
786
714
796
735
662
750
679
662
664
662
683
674
12073
691
635
670
710
709
628
640
636
587
668
650
624
601
645
647
633
630
648
605
589
656
635
643
639
632
634
657
633
631
703
773
697
633
731
712
624
728
574
649
704
640
630
634
592
665
612
627
633
691
681
613
647
599
578
678
645
667
627
692
629
636
585
638
683
635
630
639
635
635
628
633
650
636
632
699
653
667
657
718
638
760
649
716
639
651
615
620
717
636
630
695
645
638
658
665
667
594
605
590
12537
770
657
790
80
653
634
627
696
70
598
74
72
695
628
630
626
75
636
623
599
584
656
615
623
71
660
624
619
647
685
706
661
602
76
577
604
73
612
621
665
609
591
77
635
674
630
628
595
590
76
601
582
106
592
667
620
615
628
630
624
637
592
747
622
630
579
676
693
625
620
621
669
682
647
685
71
611
553
611
585
664
606
624
594
667
595
620
635
649
623
601
760
780
608
708
615
628
718
620
12289
663
663
663
736
624
651
655
651
646
661
668
653
661
661
650
655
636
651
650
685
768
678
652
733
653
657
652
717
694
680
688
684
706
776
797
652
615
660
657
747
760
712
747
653
744
670
645
655
719
609
659
773
705
652
669
658
664
665
660
661
667
652
624
661
618
658
702
655
659
666
661
662
657
653
659
661
757
642
672
706
605
679
615
656
761
756
659
647
614
652
603
622
595
641
603
675
691
785
710
12800
672
704
669
692
685
734
653
658
658
647
784
667
799
688
710
654
665
667
659
668
724
644
664
663
692
614
666
667
654
728
739
652
665
714
690
661
655
692
731
613
723
623
658
660
649
658
707
754
638
740
693
673
664
813
695
658
658
623
630
730
666
749
719
605
638
658
663
666
634
606
653
696
654
631
615
628
669
674
616
735
757
673
773
690
654
658
678
657
596
606
667
651
701
653
677
771
766
651
611
12348
609
668
662
651
659
648
649
738
611
773
700
705
659
657
702
703
641
670
625
650
646
599
778
748
735
678
661
642
666
662
609
655
652
730
591
633
631
629
653
649
653
683
657
759
654
674
663
661
782
613
646
609
628
593
627
650
667
648
665
643
659
673
711
727
644
695
657
650
650
689
756
627
701
592
675
622
632
645
643
636
633
666
655
606
609
633
588
659
646
592
600
623
686
660
645
614
652
651
622
12374
658
691
672
673
692
708
604
620
674
604
667
668
663
670
731
784
647
688
777
620
762
727
672
731
668
668
781
614
627
684
661
662
664
729
669
741
681
626
672
697
663
678
697
735
667
713
666
683
748
664
691
674
673
750
795
683
623
665
751
651
670
702
683
816
635
761
666
668
686
608
731
660
751
679
670
830
690
748
671
660
666
675
724
732
782
673
675
649
664
658
664
692
668
636
668
633
663
636
691
12196
676
680
657
619
693
652
765
690
638
652
686
702
654
702
773
619
619
667
665
613
789
633
646
690
672
662
667
660
681
667
659
618
705
671
633
765
672
687
656
770
694
726
669
641
646
757
621
703
703
625
751
618
661
659
669
657
642
694
670
680
724
704
657
657
618
739
657
659
680
657
693
666
656
624
656
660
657
666
633
645
694
699
619
773
695
762
614
826
751
639
670
680
657
641
671
616
665
678
665
