Execution time (ms)
9055
8960
9290
8609
370
8596
9225
8541
9119
8836
9181
9221
9049
8767
9120
9380
8936
9320
311
9315
8976
1957
8918
8968
9024
8994
9193
9002
9246
9182
9083
273
9170
9328
8847
247
9065
320
9152
8858
9118
9711
9219
9243
319
8938
268
8871
9123
8684
301
9098
8628
8849
6306
279
9102
332
9089
8916
9179
306
9157
8834
9068
9016
9095
5395
9221
9176
9167
9066
9241
8889
273
9241
9064
261
309
8931
9072
9478
8998
9275
8690
8222
5875
8981
8943
9932
8774
9129
8371
280
9618
8309
9354
8421
9175
9390
