Execution time (ms)
11423
10614
10444
10458
10888
430
10426
10028
468
10485
10542
10694
10451
445
10449
10089
10283
10738
10643
9364
9938
10626
9478
10629
10276
451
10296
482
10443
10310
6414
10659
10105
10232
10309
10206
10556
481
10262
9336
9929
10527
10409
8815
9410
10098
10521
11551
10484
10295
10360
10708
10464
10339
10752
10896
478
10084
9935
10564
11014
429
10535
411
9948
9918
10136
422
10592
10189
11172
10207
10103
9609
441
10460
10905
5529
9914
10549
9998
11228
10639
10607
10632
10071
10602
8031
10819
10056
11180
5514
10258
415
391
451
10558
9347
10556
5633
