Execution time (ms)
40993
41681
43251
41604
43191
41235
49904
41055
41649
42814
44506
41055
41078
41818
40729
40330
39490
41154
40365
40415
42173
41427
40762
47506
49411
41472
40885
41014
40249
41307
42596
40458
40448
40724
41727
41146
41092
41386
41405
40503
45635
42173
41573
40467
41528
41485
42383
20822
41790
41544
42220
42035
42003
40928
41348
41813
41665
41358
41398
41895
42240
41249
41986
40729
40182
41036
40974
40674
42079
41259
41280
41010
41149
41350
48493
41202
41369
40438
41817
39504
40312
40373
42138
41145
40444
40666
41990
41377
41492
41250
41825
46385
41821
41291
40495
20053
41553
41433
40694
41175
50571
50209
49249
41823
50487
50121
49077
39966
51744
49533
42150
50019
50189
50510
51341
41870
51976
49563
41303
59361
53401
50581
40132
46374
52150
50117
50471
51298
51596
41150
50775
40191
42161
42296
50911
49814
41464
50070
51344
49888
50317
60304
40467
51703
51188
51293
50346
51472
51517
41340
50813
41716
50492
41576
26537
52709
49313
49810
27986
51097
41391
50849
51603
51066
50929
52562
49930
50029
50357
50559
40412
50459
49957
49614
50595
51214
51676
51671
50396
44272
53605
55097
47625
53338
43608
50920
41145
57959
41407
42564
48894
41918
50264
56552
51152
49919
51816
41097
51346
48829
