Execution time (ms)
8255
268
274
264
289
257
279
264
266
259
268
281
272
283
3082
274
267
280
273
262
268
259
274
268
251
250
253
236
260
253
252
255
282
260
3081
252
249
260
242
279
252
253
246
258
272
259
296
250
277
254
260
269
266
253
257
273
251
264
256
267
260
259
261
252
255
257
279
274
265
242
268
262
257
250
254
247
257
253
246
243
234
246
258
265
248
253
278
268
270
262
242
244
241
253
241
240
265
247
255
251
243
230
248
242
242
240
249
230
259
240
251
243
238
247
249
241
3076
243
277
275
259
266
241
262
3088
271
252
245
235
254
241
246
250
3083
243
258
248
257
3105
231
232
219
236
264
227
234
269
226
237
239
261
3074
268
243
255
221
233
232
248
235
227
247
243
244
263
229
238
244
3079
263
253
253
247
224
243
241
246
247
265
265
248
3081
260
259
246
3072
246
250
246
3081
240
268
269
282
244
239
225
266
234
3095
8322
241
227
245
194
246
206
191
238
256
194
181
205
190
226
192
195
132
156
198
158
245
202
182
182
252
191
3082
204
218
186
179
189
202
140
183
151
3027
187
226
191
173
181
189
187
194
178
3028
244
228
136
215
196
195
192
254
218
176
191
180
232
199
157
252
176
178
210
226
194
167
210
184
191
162
211
236
183
222
3025
186
204
165
161
181
220
227
200
217
3088
240
3078
187
256
231
245
242
228
193
189
185
8016
301
3081
262
253
257
3079
242
259
281
8318
262
251
251
266
265
273
264
272
272
245
279
272
253
246
3085
266
241
287
261
266
277
280
283
258
250
262
268
3071
255
248
260
266
261
275
271
267
266
250
261
254
255
278
260
255
266
257
262
265
241
262
260
253
256
272
259
255
251
247
259
248
250
269
278
250
256
3076
3074
3076
299
259
295
275
274
250
282
251
270
261
262
253
249
270
257
257
272
254
267
3083
259
264
257
252
247
266
252
254
256
278
271
243
254
269
327
256
246
264
273
258
273
265
244
266
256
265
254
3078
249
253
3087
255
264
300
242
244
253
263
275
239
258
246
255
259
258
246
252
229
261
271
248
265
247
264
272
261
246
257
3084
247
262
240
251
239
251
252
264
246
259
249
244
248
258
256
3097
260
3076
247
3080
255
247
249
266
236
249
258
252
243
3081
267
257
250
263
256
246
256
240
248
236
262
252
7945
268
3088
239
257
251
270
252
273
276
259
254
263
266
237
266
284
262
254
254
276
252
247
269
249
261
265
256
268
254
253
247
242
232
256
247
262
3083
254
253
3080
238
280
264
3077
252
260
260
255
269
290
259
273
244
260
238
3079
246
233
243
257
259
248
246
246
244
250
254
272
231
265
240
249
227
268
250
258
251
249
245
3074
253
263
257
3081
266
263
261
3079
238
246
254
247
248
238
3076
245
236
265
256
7542
234
227
224
251
254
230
235
237
233
232
228
247
235
234
236
238
243
230
224
218
237
248
221
224
245
243
254
226
246
252
267
236
234
247
226
231
233
233
241
3071
223
226
229
245
237
245
244
230
229
229
234
235
254
224
237
226
3079
231
243
236
231
240
229
240
246
232
223
241
228
228
228
234
227
234
245
233
232
228
223
229
222
218
240
272
237
3074
243
231
3076
3070
244
239
233
243
3073
222
232
238
226
8298
244
253
270
262
252
269
272
268
259
260
269
279
251
273
267
283
250
258
280
3072
250
264
270
260
248
270
250
280
248
3070
253
254
317
247
248
249
277
259
259
262
265
266
270
258
267
254
248
270
265
245
242
266
248
247
248
221
240
263
233
255
217
245
249
246
240
265
290
280
283
243
237
263
272
254
271
280
276
257
263
266
265
228
262
294
278
267
244
245
264
240
256
340
259
266
262
288
268
273
274
253
262
254
250
257
255
232
248
265
257
255
241
254
244
249
244
243
253
228
244
244
282
223
251
241
243
230
240
234
229
236
254
236
248
267
247
234
252
234
5026
239
262
267
240
247
236
265
262
257
256
269
290
245
261
255
275
253
276
260
255
253
295
258
253
249
261
249
266
262
298
265
259
276
264
257
241
257
247
246
231
239
253
295
242
269
274
263
250
3072
3084
244
250
240
255
250
245
273
264
237
273
9332
266
269
249
264
236
245
250
264
252
3081
245
251
275
254
3075
254
259
257
263
247
257
274
252
249
256
263
264
245
238
265
3081
248
269
249
259
230
258
261
246
261
277
263
284
258
255
239
264
250
265
269
252
239
253
246
275
248
259
249
252
257
255
259
250
230
234
271
248
241
244
246
270
3082
252
244
261
235
295
267
255
253
253
250
259
236
255
247
261
263
239
244
250
248
243
3078
239
219
3080
267
262
8103
243
244
240
248
262
263
259
238
245
256
291
289
264
262
267
255
291
277
293
258
245
242
246
264
283
270
254
235
252
276
243
251
263
259
248
247
3070
256
280
278
254
3075
260
237
3083
245
235
3084
250
247
227
258
240
231
255
268
261
260
235
251
228
236
253
247
246
222
251
246
239
231
265
253
259
257
272
251
231
253
284
278
267
244
240
248
241
255
245
268
233
228
254
262
233
237
234
241
222
241
235
8479
241
253
252
256
273
3099
270
245
268
271
251
266
268
271
258
275
255
254
236
258
276
266
271
290
248
245
263
3088
244
253
290
256
261
267
251
240
270
263
261
268
249
258
242
251
231
243
240
255
247
234
247
240
243
291
254
252
238
257
252
274
258
257
295
260
233
265
246
265
248
261
271
238
398
273
272
251
259
257
271
235
249
260
246
243
252
265
245
227
225
263
254
241
225
235
258
234
239
244
243
7938
241
221
250
256
256
241
258
255
233
227
224
239
226
246
243
251
245
241
254
276
266
248
266
255
255
263
256
249
3076
249
273
263
238
245
244
243
247
239
259
3083
3094
239
251
262
242
246
234
265
268
247
260
269
257
247
262
297
255
239
250
258
250
236
265
273
293
237
262
252
235
244
260
272
250
253
278
270
227
239
245
255
237
235
235
241
264
243
259
263
249
248
272
244
260
256
259
262
259
240
272
825
283
262
255
255
245
250
242
8076
239
258
246
253
239
3084
258
260
249
257
244
3074
279
239
251
247
256
251
247
252
253
268
241
231
248
259
243
238
238
277
260
263
246
3081
235
229
262
261
229
239
242
254
246
229
238
246
255
247
252
273
240
242
260
258
259
247
252
247
240
285
252
259
251
247
252
283
258
249
254
243
236
252
249
251
258
256
237
260
244
232
228
230
249
3073
226
243
237
240
238
230
249
7953
292
238
249
256
255
244
231
3087
243
245
248
246
264
256
3076
260
247
276
267
248
273
267
255
248
254
257
258
270
263
265
279
255
3095
252
261
252
268
258
276
242
264
265
238
264
3079
257
279
3079
283
271
277
242
268
266
261
266
247
291
274
239
247
260
276
258
261
272
275
242
246
277
255
249
241
266
265
244
270
281
263
237
264
257
255
249
250
258
291
258
271
260
251
254
273
276
281
256
273
252
261
8192
275
271
252
265
250
272
240
252
249
260
261
3074
245
255
269
250
244
256
270
262
265
264
263
277
251
239
256
247
251
257
255
268
253
263
279
264
250
266
288
290
253
259
270
248
249
258
246
281
244
245
265
258
255
258
257
239
249
258
267
248
269
265
279
264
252
273
275
251
257
275
256
250
265
269
264
252
261
254
254
252
262
269
246
263
272
264
254
245
253
273
233
258
3098
257
282
276
256
265
238
8255
234
250
255
262
228
230
253
298
236
241
270
250
248
260
239
260
251
252
262
253
253
252
260
242
243
238
269
259
240
239
253
262
241
242
245
237
241
253
237
250
243
243
275
261
246
246
255
238
239
263
269
272
249
250
255
251
256
248
249
244
245
274
267
251
238
256
261
259
250
257
272
265
249
271
259
272
258
252
261
283
253
247
257
241
265
264
248
257
258
242
263
243
251
260
252
290
250
242
252
8095
243
245
264
249
245
250
232
231
232
229
246
243
232
247
261
266
262
256
225
229
233
245
251
268
255
248
248
253
251
250
258
255
230
280
239
242
239
230
240
241
231
233
257
248
256
238
271
258
253
255
231
262
246
247
250
236
246
229
243
239
233
268
226
236
245
223
245
250
222
234
242
242
231
241
280
261
269
248
238
249
246
257
243
238
228
237
225
240
247
257
246
248
280
248
250
237
238
263
260
8130
245
262
249
269
284
261
254
252
260
261
278
258
248
265
243
255
256
255
253
272
242
253
248
244
255
247
253
233
226
237
238
249
240
261
258
233
258
259
240
249
240
3081
260
237
234
253
240
241
233
230
238
245
233
234
225
237
253
253
244
267
250
242
247
231
247
255
280
243
248
254
252
237
256
269
252
251
238
238
250
227
265
259
241
242
246
239
246
229
249
247
226
233
253
256
251
234
228
240
250
8024
243
235
234
253
265
230
227
8136
235
259
248
261
247
263
249
272
249
257
242
241
233
253
249
235
242
238
252
243
243
217
239
220
251
238
242
248
239
242
247
266
248
248
246
253
245
238
245
238
240
222
238
230
234
246
221
250
256
236
232
236
218
220
229
228
232
223
230
228
238
252
241
223
227
240
263
238
244
252
266
225
227
233
237
242
245
222
239
249
262
265
256
234
238
246
239
235
258
3072
242
8240
250
238
230
247
239
281
256
260
248
3070
247
231
244
3082
233
244
250
238
225
250
234
234
255
238
280
253
3084
245
233
253
246
232
271
271
3081
246
255
266
241
234
3076
258
240
283
250
244
255
256
249
240
251
271
264
254
242
250
270
245
255
253
250
265
245
262
259
242
270
260
249
255
280
262
261
261
248
261
248
249
254
301
240
249
278
259
259
228
251
250
242
254
258
254
258
232
260
257
233
260
263
260
238
3078
231
235
250
261
240
241
250
252
251
241
264
253
244
256
253
246
248
254
258
250
235
249
255
265
242
262
254
246
237
255
265
248
231
236
236
241
255
264
265
266
246
233
239
258
246
251
248
240
277
243
264
246
234
239
244
230
239
234
243
251
236
230
238
284
253
237
227
235
242
244
261
256
250
233
260
245
237
247
255
263
244
242
240
243
253
255
247
232
249
253
241
237
240
222
237
232
244
8628
221
243
241
238
237
232
249
233
224
218
238
238
236
244
259
250
245
245
232
247
244
247
245
251
243
256
246
255
267
230
252
261
247
236
244
462
234
240
254
265
244
257
256
282
255
234
251
258
237
243
230
243
256
247
242
240
231
240
243
249
222
242
255
261
240
247
248
252
259
242
231
243
264
256
252
238
231
252
262
264
239
246
248
254
255
237
258
253
244
236
242
245
265
243
236
3074
241
245
248
8303
255
246
275
263
249
250
263
249
247
262
250
244
243
258
274
245
238
263
262
245
252
248
265
249
248
264
258
244
233
297
266
254
249
271
260
263
251
250
246
245
220
240
253
265
241
267
257
256
249
254
268
262
240
258
246
259
245
266
266
266
239
3101
234
248
3080
244
250
272
3063
249
247
265
282
268
267
247
247
246
255
256
255
245
237
236
259
254
236
239
263
253
252
246
253
246
270
248
275
242
250
8042
245
242
257
237
239
249
248
252
269
244
252
261
250
247
260
241
244
242
262
252
246
243
235
256
253
250
254
248
227
260
250
239
235
253
263
251
254
468
229
240
319
244
268
252
250
272
262
233
247
247
240
243
238
251
260
254
246
253
265
238
247
249
3078
241
236
248
259
245
246
269
251
251
254
3073
240
252
251
257
248
246
283
263
261
261
254
242
241
236
239
233
261
256
273
264
262
266
263
236
241
8349
232
244
261
251
260
245
253
257
241
240
257
254
253
241
3081
235
257
252
246
241
251
244
285
244
270
242
244
232
268
246
287
243
260
269
239
235
246
251
255
243
258
252
246
244
254
254
267
243
255
291
236
227
253
243
248
242
263
244
261
242
262
253
248
238
254
252
244
233
242
278
243
238
237
1961
234
214
268
232
245
224
235
237
235
230
214
235
232
244
241
272
240
238
249
252
244
236
243
235
229
8176
248
262
270
254
243
267
260
239
239
260
262
240
267
292
250
275
262
243
261
266
246
253
246
268
252
242
259
260
270
270
241
236
244
261
245
256
272
261
250
243
244
263
258
241
248
272
230
259
268
253
239
276
235
255
251
241
254
247
260
242
249
246
259
245
259
233
253
3079
231
237
237
252
243
263
245
236
264
229
267
271
242
251
237
260
240
236
257
250
253
240
254
257
235
243
264
244
249
249
261
7908
255
257
260
246
248
245
253
252
240
266
269
255
249
239
247
274
269
261
253
235
260
239
262
249
240
244
255
247
249
260
274
258
242
254
245
247
238
242
240
255
239
261
257
252
253
262
235
237
256
239
277
252
249
247
248
253
250
255
253
237
258
254
247
242
230
241
247
279
261
251
281
261
251
258
236
271
246
262
249
253
246
249
240
262
255
250
260
255
273
226
251
241
232
241
244
247
238
248
243
8441
254
230
236
243
267
246
257
261
250
238
249
263
247
253
263
255
244
250
270
244
247
261
267
261
259
251
251
250
249
251
3079
231
261
246
258
254
252
279
265
236
263
263
253
239
254
249
268
245
252
256
277
245
2614
250
253
263
255
252
252
267
270
241
242
270
275
248
250
269
242
239
252
236
255
239
245
224
247
269
239
231
264
245
227
247
247
234
224
254
253
253
245
255
242
245
248
244
249
253
249
7973
247
245
236
234
241
249
245
234
249
242
257
263
238
233
231
244
247
223
233
220
236
270
248
251
249
226
244
235
3075
227
240
241
253
238
237
257
251
242
223
227
257
227
236
242
241
229
229
222
230
242
230
241
256
245
265
238
262
256
251
238
239
246
229
253
265
256
246
235
250
263
242
242
281
251
234
262
241
241
234
405
251
242
277
244
254
243
237
225
243
238
246
238
248
267
236
242
246
237
241
8301
229
258
251
260
292
240
247
232
241
247
269
256
246
255
247
273
258
246
242
227
226
234
229
244
239
239
234
231
233
241
237
245
243
237
254
250
241
243
242
280
244
251
247
241
251
241
243
239
257
259
245
234
239
253
239
251
236
235
226
237
229
252
244
239
270
281
229
236
231
235
237
253
242
269
229
228
240
232
243
244
239
245
241
236
298
257
236
243
241
237
238
243
235
249
250
259
263
256
255
7978
235
221
235
239
253
250
253
244
231
241
241
243
238
3080
241
253
251
244
237
281
254
229
218
258
236
248
242
237
233
248
239
226
252
253
238
241
256
263
249
238
242
244
244
231
246
250
273
231
250
237
253
243
253
271
268
243
239
239
240
256
246
253
249
222
250
225
275
3080
244
239
268
253
226
261
257
234
239
245
246
233
254
268
247
245
265
237
243
251
251
247
228
234
247
252
255
250
249
3060
228
8191
230
241
258
252
236
245
256
256
230
250
251
263
258
243
268
277
241
253
233
250
245
252
246
265
234
241
269
249
241
264
255
290
229
224
253
267
3079
245
257
260
259
234
251
238
254
238
245
271
249
249
260
282
268
239
252
252
251
240
238
260
257
250
254
229
262
263
234
256
251
240
257
258
263
269
257
257
253
254
272
258
248
278
270
251
257
256
261
236
250
239
262
250
238
251
265
248
261
249
257
8451
237
229
251
252
240
250
246
250
235
250
244
268
315
246
249
256
233
250
252
259
245
248
246
254
235
244
266
278
238
246
322
246
241
256
251
251
233
233
254
244
246
255
238
255
252
260
263
250
231
243
235
250
260
251
233
253
251
273
257
266
239
246
235
259
246
235
242
252
245
277
246
241
242
251
234
238
241
245
249
244
251
242
247
285
243
236
240
244
230
265
242
255
251
246
230
244
230
232
240
7693
229
234
238
267
224
242
255
245
240
240
227
238
230
282
243
234
226
225
236
245
233
237
245
236
247
238
227
255
241
242
230
238
239
227
259
236
241
240
221
234
212
237
253
230
242
227
237
230
239
230
251
218
231
288
238
242
231
222
228
231
244
223
244
252
233
230
226
251
229
240
231
223
249
251
233
236
242
234
239
247
236
232
236
216
236
232
232
238
232
234
246
240
223
238
211
232
246
222
239
8087
237
229
241
240
262
232
263
252
230
233
217
262
239
241
229
225
218
248
223
243
245
260
241
255
273
231
231
245
227
229
240
249
246
228
228
237
244
240
253
231
237
252
229
248
225
233
243
247
248
240
249
255
419
337
822
249
255
239
229
233
243
241
231
248
226
249
243
236
243
245
248
252
244
254
252
240
239
243
250
257
248
246
258
253
241
259
246
261
239
273
260
248
267
270
256
263
232
243
259
8089
258
256
321
276
285
267
266
255
241
259
252
257
245
277
255
303
247
257
253
232
256
281
249
241
232
241
262
233
248
265
268
244
234
259
271
234
259
249
249
247
254
249
262
267
255
254
263
243
258
244
258
249
252
265
243
247
247
242
256
245
250
246
260
254
258
260
268
252
249
248
258
241
240
244
247
265
257
244
247
239
238
430
254
269
270
256
240
234
254
244
242
258
249
261
244
240
254
280
259
5771
237
237
234
253
240
235
216
240
232
247
250
262
235
250
219
235
232
222
234
231
237
241
231
235
239
242
246
232
256
234
228
230
229
247
242
240
243
241
241
246
246
254
262
249
240
248
3081
278
251
240
242
252
238
235
252
231
259
258
249
235
254
243
248
246
255
250
274
250
243
239
257
244
230
240
274
241
246
248
239
242
225
249
243
235
245
279
241
238
236
246
256
241
239
262
247
231
251
249
242
259
247
239
240
222
231
214
187
193
216
181
244
129
204
204
173
229
238
226
195
224
182
168
242
187
226
201
175
147
164
159
185
205
175
256
206
239
215
190
191
187
176
189
145
199
136
242
154
140
219
188
185
230
218
203
169
198
218
188
154
199
178
241
229
188
163
129
180
203
203
226
195
193
201
186
164
237
207
202
176
174
181
217
182
206
183
248
216
234
228
211
229
171
220
149
195
159
183
217
228
8186
264
250
253
229
239
171
184
216
239
140
168
186
226
228
176
192
220
230
242
199
182
206
224
210
187
243
185
195
222
206
205
216
178
209
185
185
179
181
134
195
170
179
136
191
163
230
227
172
191
191
234
253
195
130
227
205
185
183
180
202
182
182
182
171
196
210
213
229
184
220
177
131
162
185
137
173
238
188
136
177
184
225
183
233
183
179
216
213
182
228
189
187
169
232
190
239
231
232
196
8318
255
233
233
249
255
228
239
244
249
254
252
3079
237
236
251
252
236
247
257
251
242
231
241
256
260
239
257
230
250
236
240
256
258
249
245
240
246
253
266
269
252
233
246
251
247
236
249
256
246
256
233
255
251
264
236
228
236
231
248
279
248
247
263
262
249
229
246
262
239
257
250
244
256
233
245
247
250
3079
242
251
250
246
247
239
246
263
237
241
246
246
243
235
243
256
252
255
262
256
240
7958
257
240
252
245
243
226
245
264
244
243
242
257
229
243
238
253
252
245
241
252
259
236
239
257
251
247
235
262
265
242
265
333
254
3079
255
287
256
242
236
237
261
227
242
252
261
260
253
244
252
290
235
269
276
233
221
250
417
235
229
242
252
233
251
238
250
262
235
233
250
240
234
246
251
243
249
251
247
236
261
240
264
240
258
234
250
265
243
246
271
288
246
247
260
253
242
243
257
240
232
7735
241
241
243
252
243
244
254
233
236
260
295
244
243
266
253
233
235
251
246
246
239
246
240
242
239
249
247
235
249
232
258
264
247
262
247
263
243
238
253
252
253
257
239
254
251
269
252
230
441
243
259
251
232
231
232
253
231
257
253
239
239
240
244
255
248
245
242
250
242
263
237
255
236
244
271
245
248
233
245
258
236
230
235
236
231
245
250
235
249
231
234
235
232
244
222
224
242
224
254
8418
254
242
235
271
258
262
239
256
232
274
258
255
243
246
240
282
237
287
255
246
237
260
262
257
263
270
248
240
246
244
253
239
227
251
304
254
230
252
242
256
233
257
239
327
236
218
245
238
230
254
242
268
240
238
249
261
252
247
249
251
280
243
246
257
248
255
260
250
246
252
256
243
233
249
241
262
231
255
263
262
247
266
262
266
254
262
230
252
267
240
253
247
240
248
253
242
243
254
254
7976
262
291
261
7985
244
242
253
257
244
234
253
267
238
249
233
246
254
246
249
272
252
243
255
249
238
261
272
270
259
262
271
258
249
254
254
250
252
231
261
264
233
227
271
245
237
260
271
255
237
246
253
269
249
245
268
391
247
265
239
243
245
266
255
250
248
252
257
260
246
267
258
269
242
243
256
269
241
221
244
265
276
257
259
257
247
260
281
261
251
258
265
239
249
251
252
264
247
230
244
8008
234
251
258
259
248
259
256
264
248
263
263
259
232
261
266
251
265
250
243
262
248
272
252
264
233
259
262
267
249
269
257
252
252
264
286
262
248
261
251
245
253
271
262
270
248
259
269
262
244
244
253
257
267
265
233
248
242
237
257
242
241
260
259
249
267
271
255
244
268
256
244
260
264
277
264
238
261
275
263
253
266
264
264
246
233
245
251
260
245
245
249
279
257
251
264
236
240
248
267
7988
246
269
244
256
238
253
250
278
298
8390
250
240
266
249
239
246
241
242
252
258
266
276
258
239
272
263
241
261
238
237
255
246
254
245
241
262
258
251
247
255
272
283
455
242
234
245
241
278
267
247
247
276
249
255
226
265
265
245
238
245
274
251
267
269
260
243
260
255
239
242
234
252
245
236
240
243
247
239
252
244
238
248
240
263
258
241
247
273
258
243
243
248
248
233
244
254
263
250
249
8227
244
257
269
264
250
263
265
250
260
250
276
253
250
248
262
274
236
255
267
254
254
273
252
233
252
245
247
255
247
255
262
253
266
234
263
274
252
254
265
263
257
247
264
257
263
284
254
263
266
266
248
254
253
257
246
262
255
271
256
252
263
253
253
257
278
262
242
252
246
270
260
255
267
277
273
237
264
276
257
260
263
274
245
266
276
262
269
274
262
252
259
265
252
233
244
255
237
281
241
7913
263
262
265
279
234
254
266
232
243
244
253
282
255
264
253
245
260
225
252
245
241
250
261
262
241
233
234
245
227
229
255
256
240
254
243
261
246
251
286
260
261
267
249
267
246
235
250
266
242
235
243
229
238
250
277
251
241
253
237
256
254
248
247
271
248
257
255
290
234
246
258
261
262
233
245
263
230
235
222
232
244
254
262
245
253
226
249
228
239
235
260
243
251
260
238
237
246
240
270
254
236
237
237
243
247
239
237
254
243
243
252
254
243
231
237
241
260
238
231
253
240
241
252
275
235
237
240
238
229
246
259
251
250
253
254
244
242
255
227
251
236
248
238
261
246
254
226
244
250
275
243
249
241
265
242
253
260
255
244
246
270
266
248
260
263
262
255
251
261
245
253
249
263
231
240
265
263
250
258
255
255
248
282
263
258
257
258
241
246
274
246
237
254
248
242
255
265
253
250
8113
247
249
257
255
254
238
265
263
247
255
261
268
257
256
239
224
237
257
242
239
249
249
272
256
250
290
262
242
236
250
269
256
237
248
250
269
256
229
249
240
234
251
262
248
250
244
251
244
229
265
271
259
232
236
241
253
249
230
239
3079
229
245
265
275
250
241
235
227
227
246
256
249
271
241
254
247
252
251
269
241
250
256
241
263
243
255
276
277
251
265
263
244
237
256
260
308
233
246
241
8278
252
260
224
252
237
247
249
254
261
247
246
259
254
256
237
260
247
256
245
257
242
290
251
252
255
250
254
248
242
244
251
252
243
253
255
263
241
290
237
242
252
269
267
263
253
267
263
255
255
261
254
264
252
242
253
259
245
243
256
252
250
275
266
263
374
333
242
238
250
281
242
257
239
266
257
437
253
260
273
242
253
274
244
271
266
254
230
241
254
251
243
246
246
263
248
258
260
262
249
238
233
250
237
236
250
243
256
259
251
247
263
249
247
265
246
269
253
3083
242
260
261
244
234
283
294
273
232
243
246
259
227
232
234
250
235
229
223
231
230
236
226
243
242
276
255
237
244
231
206
254
236
241
244
228
248
234
242
238
229
284
255
244
230
227
238
237
244
222
231
236
238
247
230
258
239
239
233
256
237
234
223
238
249
232
257
249
230
245
247
247
241
247
260
237
246
260
248
231
236
5290
241
247
256
262
250
241
251
228
252
232
255
271
248
272
269
269
240
261
252
252
245
243
248
243
241
248
241
247
248
248
263
227
231
229
246
266
247
251
251
253
247
246
235
249
242
255
270
268
252
250
244
264
256
283
259
266
249
245
239
262
269
265
276
268
251
247
272
265
255
251
247
251
240
256
272
259
242
256
259
272
239
270
252
259
337
267
250
250
263
248
250
250
254
252
284
238
264
266
245
262
3082
246
274
267
243
254
269
291
267
257
233
252
271
259
256
250
238
239
271
245
246
227
250
244
251
229
238
247
245
256
237
268
245
244
258
262
257
250
284
273
269
267
262
271
235
249
255
244
249
263
264
269
236
273
237
252
262
258
234
245
256
262
257
247
256
246
243
256
281
242
251
253
255
241
253
248
239
224
227
257
256
282
270
253
241
254
264
260
247
263
248
264
287
259
259
256
250
258
266
6648
252
250
289
264
248
245
246
231
244
242
240
238
249
252
265
243
270
264
252
285
227
241
257
246
246
228
254
243
261
257
270
241
240
238
225
229
231
239
247
236
262
231
234
253
266
242
243
227
240
251
277
258
257
250
260
248
230
243
243
249
361
230
249
249
252
242
245
238
240
231
240
251
246
235
231
222
225
272
296
268
254
241
251
253
264
242
254
250
247
230
236
237
250
245
252
332
341
337
329
7584
259
249
263
268
250
266
252
244
248
272
242
248
240
236
257
256
253
261
246
256
240
249
239
251
236
237
233
249
265
236
247
264
265
240
232
242
246
252
246
237
246
256
227
262
256
244
245
270
267
225
248
251
248
257
267
260
247
263
246
266
255
263
247
243
234
239
242
254
230
243
239
223
237
243
245
238
238
255
259
234
233
246
254
273
240
248
249
261
242
243
241
224
3077
227
253
247
257
241
268
262
260
253
266
265
257
255
265
265
225
246
252
257
258
227
246
258
257
261
234
264
274
232
251
268
253
249
256
249
239
253
236
275
246
250
274
248
268
240
268
268
252
257
267
270
275
255
255
276
241
257
1458
261
234
1374
257
261
267
261
252
270
254
269
260
236
243
256
219
266
247
259
254
242
256
259
243
281
288
240
252
253
250
254
256
254
254
255
242
268
270
256
266
263
272
246
250
308
269
254
226
8462
252
258
259
253
246
232
244
253
257
255
268
1085
253
248
252
258
242
250
257
246
248
265
255
271
241
261
265
270
245
259
239
263
232
241
262
231
246
225
273
274
249
240
270
249
238
246
245
248
237
260
264
244
248
248
260
244
243
248
236
249
248
257
263
264
235
250
234
293
244
258
260
256
240
256
252
267
240
252
249
262
232
254
253
290
248
243
244
248
235
248
244
262
245
248
242
258
248
254
260
258
238
230
242
237
238
252
262
249
252
238
221
250
248
245
236
255
249
246
251
242
259
3078
273
242
250
248
233
237
251
247
234
226
228
239
235
252
257
263
251
244
251
234
249
248
229
234
235
243
245
241
260
245
254
255
254
237
232
251
255
233
249
239
277
256
251
247
251
249
245
247
264
247
238
232
249
261
241
237
245
232
385
251
249
228
234
240
290
239
250
273
241
232
246
253
248
234
276
232
260
7847
249
246
270
276
246
249
262
267
248
257
253
252
264
253
253
244
240
260
257
251
241
254
274
259
240
250
251
242
268
257
233
245
241
243
251
248
245
254
244
248
252
249
270
235
314
239
235
243
261
229
247
250
248
242
245
239
269
259
254
243
233
254
266
244
252
262
257
286
238
248
257
264
251
263
254
259
283
250
252
3071
257
270
264
267
265
271
245
244
239
244
243
263
240
243
262
259
235
247
250
8066
246
214
254
235
233
186
231
260
229
175
171
186
196
209
244
241
227
243
192
222
178
184
190
191
184
177
230
220
241
180
180
243
230
229
232
183
184
171
219
143
224
146
189
180
176
186
243
276
216
169
193
187
225
203
177
201
206
223
187
3073
193
175
191
229
197
192
243
189
215
193
228
175
160
189
186
183
196
196
167
177
178
191
181
189
237
235
165
222
174
183
215
163
230
190
229
234
218
200
173
8231
270
256
235
271
235
252
238
246
253
256
235
230
254
270
241
227
244
242
235
232
234
237
243
292
236
243
262
243
252
248
254
234
247
234
229
227
236
235
239
269
263
230
231
253
246
240
268
240
244
247
247
254
252
283
234
258
248
243
249
251
239
249
243
239
242
238
3084
245
251
246
279
252
247
255
251
232
267
250
259
254
263
254
260
239
243
295
261
247
244
251
284
239
256
248
270
247
253
279
246
8317
249
256
286
256
249
256
261
265
253
256
242
256
222
231
259
262
243
250
257
244
241
251
246
238
255
250
253
245
236
241
244
235
239
239
242
258
245
247
237
236
233
241
243
253
244
246
254
237
240
252
274
271
246
243
263
255
236
256
256
243
234
263
264
257
237
246
242
255
255
243
264
258
255
254
251
235
241
232
243
258
248
264
232
242
246
233
241
254
251
241
246
248
262
252
228
239
251
252
244
8443
251
251
264
250
249
268
240
270
244
263
254
275
272
259
255
252
235
236
248
253
243
253
232
270
244
274
252
258
254
228
257
293
245
241
259
263
256
256
240
263
251
274
244
257
250
256
244
240
243
248
234
252
251
239
267
266
241
250
233
235
231
263
267
254
243
258
241
268
267
244
265
252
230
247
247
242
244
250
253
252
256
251
257
280
240
253
276
237
240
254
249
268
257
261
244
241
243
268
255
8182
251
273
8357
242
258
248
254
235
254
258
254
252
272
283
268
248
241
244
260
246
243
253
240
255
262
245
244
246
287
246
251
249
283
243
255
243
247
237
248
234
254
267
258
263
254
243
257
236
275
237
262
255
241
271
250
261
261
253
243
243
256
264
259
277
247
246
240
245
257
254
249
255
256
243
251
245
262
250
242
252
265
235
233
246
249
250
254
258
279
270
250
237
279
250
237
258
273
258
258
274
261
265
260
243
246
272
233
264
245
242
273
245
230
235
241
253
249
261
242
247
257
233
230
240
249
254
249
249
248
247
248
272
275
252
266
238
257
237
245
253
258
243
248
258
248
240
234
237
279
245
251
238
236
251
247
244
239
236
261
252
231
256
250
244
250
266
270
252
256
260
254
259
245
241
265
270
253
254
247
255
259
235
238
238
255
238
253
262
242
249
252
249
246
244
241
260
256
237
249
247
226
261
240
236
221
237
233
246
228
244
229
226
240
234
233
230
223
226
234
233
241
254
236
232
226
235
233
261
229
248
238
254
227
236
243
252
236
255
231
227
253
265
237
228
227
231
235
234
244
235
254
228
251
271
239
234
250
249
253
246
236
255
264
247
238
249
255
231
277
237
260
248
233
241
244
252
228
244
235
238
237
259
262
235
253
259
230
246
253
239
251
239
249
267
252
234
260
261
252
8466
253
269
244
261
1493
245
237
252
273
235
232
238
254
267
249
253
264
241
253
259
258
237
273
238
258
249
255
245
252
234
261
258
318
246
263
3079
258
258
261
272
252
275
268
249
243
263
257
260
247
259
264
253
244
251
268
265
247
246
250
261
239
253
286
264
248
266
252
254
243
252
246
242
232
237
237
237
229
245
253
255
252
269
240
237
248
261
251
257
239
241
242
242
249
242
234
242
233
230
240
245
238
249
258
265
238
261
249
272
251
235
233
258
235
252
262
254
243
279
259
261
252
264
315
258
241
262
264
267
247
264
486
239
251
268
277
236
258
264
265
250
250
261
260
251
246
257
250
273
244
246
260
259
258
249
249
252
281
246
267
252
265
275
257
243
255
263
241
250
240
264
259
234
255
238
251
241
283
247
249
245
245
264
249
263
251
262
278
264
256
264
252
304
256
268
250
253
257
257
251
8020
270
253
256
263
263
269
246
240
255
255
270
265
260
260
256
251
251
244
265
246
236
257
268
262
262
246
267
257
249
262
254
244
254
267
255
256
256
260
263
236
253
253
255
240
240
254
295
243
256
255
254
255
259
258
259
248
264
271
258
249
255
268
240
241
248
263
257
250
250
266
269
241
267
262
261
234
251
249
238
247
246
242
247
250
249
269
247
242
249
258
268
242
250
276
255
252
253
262
262
8086
245
217
228
207
250
229
228
243
250
223
254
235
242
249
240
255
254
239
259
248
261
240
258
267
249
244
256
246
260
237
263
245
260
257
260
257
265
258
269
246
256
237
248
242
241
253
259
265
258
235
238
256
232
254
259
252
256
254
282
257
264
244
249
250
249
235
254
259
248
251
274
249
255
256
254
268
267
257
244
255
247
246
259
275
258
258
247
238
254
269
250
247
257
243
272
252
252
247
271
8210
259
226
230
253
233
236
249
261
247
243
250
235
245
229
241
225
239
246
240
242
236
245
241
226
240
230
248
246
242
234
245
247
257
260
237
283
229
240
233
243
235
230
244
258
258
236
249
251
235
249
254
246
249
246
272
262
243
238
257
240
240
244
248
255
254
261
267
252
244
232
237
234
255
247
237
244
240
241
230
258
262
262
269
269
259
247
232
261
259
243
248
240
240
245
239
261
249
241
231
8184
249
259
256
258
241
249
219
232
233
230
235
245
239
243
241
227
241
243
241
261
234
250
274
225
231
242
224
233
237
236
241
233
242
257
232
237
283
252
252
229
250
251
242
3074
236
258
259
288
227
245
247
248
254
243
263
254
247
244
251
261
3067
245
249
262
251
233
251
248
249
242
266
254
253
238
256
279
277
243
249
260
275
3068
249
252
249
262
241
241
239
241
257
250
273
275
256
239
269
259
235
244
268
252
227
244
249
239
282
237
243
256
241
251
301
248
257
255
263
264
233
293
268
255
253
261
259
242
236
246
246
235
243
270
246
258
243
245
250
261
237
251
239
238
230
246
277
253
258
250
259
257
240
260
259
245
242
257
256
229
249
234
250
237
244
245
232
246
245
250
237
238
247
248
241
252
250
255
247
265
343
256
249
260
243
230
244
230
241
247
233
268
238
255
240
227
238
256
257
284
261
269
251
247
249
238
252
257
274
262
245
248
234
244
245
255
250
247
253
337
393
248
251
250
242
233
238
248
254
256
239
250
237
248
249
238
278
380
414
337
243
259
260
257
258
255
246
237
240
256
254
245
301
375
481
388
265
248
256
249
247
248
237
244
255
241
254
247
258
255
302
279
330
384
704
240
247
278
245
269
3084
259
249
260
266
241
254
270
250
247
247
257
265
281
256
264
248
247
244
266
271
249
244
254
236
257
242
270
247
238
266
248
232
237
249
266
258
244
246
256
258
257
253
263
300
247
246
246
242
222
239
241
253
237
252
270
243
246
230
256
267
251
247
286
257
253
259
263
247
263
253
257
259
241
260
239
255
256
255
248
274
257
247
234
247
232
241
232
249
238
241
246
254
240
241
250
266
235
257
250
237
253
258
265
263
255
262
387
362
262
260
267
242
250
262
261
252
242
250
265
242
8209
250
256
250
248
253
254
259
257
247
253
236
261
252
296
239
240
244
265
256
253
261
250
256
242
245
238
254
238
241
241
260
252
259
246
261
237
246
241
279
241
248
257
257
240
245
255
962
3089
253
260
264
273
251
250
244
275
226
253
238
246
248
245
250
256
249
244
258
254
259
242
265
259
240
277
254
249
246
253
242
268
238
251
260
246
255
261
250
243
219
220
243
240
255
265
266
264
245
242
255
8011
259
252
236
261
248
272
266
263
250
246
269
247
249
254
238
260
243
244
244
248
252
250
269
260
253
235
272
258
245
244
257
252
270
252
269
240
240
265
250
260
260
244
256
246
252
261
276
238
243
238
241
264
239
262
252
249
247
254
260
247
247
248
257
254
262
267
241
241
248
244
248
246
250
250
245
252
251
273
240
253
245
253
253
264
234
246
244
249
233
246
243
242
240
264
243
231
252
251
256
7783
245
252
245
248
250
237
235
263
235
255
271
252
250
248
241
242
250
242
240
239
232
236
232
258
227
226
227
253
235
225
253
263
245
231
245
255
256
244
247
245
240
229
253
238
220
223
235
261
264
253
333
249
243
242
223
241
469
229
233
235
264
233
251
225
227
234
236
241
245
238
245
237
241
234
238
249
393
250
250
245
238
240
233
244
248
251
253
248
244
232
226
247
251
251
272
248
240
215
227
7891
258
221
224
241
244
236
241
245
231
243
285
239
245
244
238
244
252
256
248
258
245
249
244
257
237
237
238
246
321
296
244
241
253
251
246
255
250
272
245
243
244
254
228
258
234
242
245
286
253
249
248
260
246
246
262
252
246
240
246
239
243
245
246
254
240
243
281
252
257
237
255
249
243
243
234
242
262
243
242
261
229
222
232
281
251
253
266
251
250
264
268
269
244
255
248
247
249
230
269
7717
257
229
224
241
244
235
229
232
240
262
224
240
262
254
253
258
252
259
252
241
255
238
263
247
3073
234
247
271
244
357
241
274
234
244
259
264
257
223
250
253
292
240
267
251
265
295
248
250
242
242
241
243
240
256
262
265
248
248
261
262
234
262
261
252
238
250
267
274
247
273
282
265
239
251
252
254
244
265
282
271
232
259
265
252
254
248
271
256
248
247
253
271
254
294
252
240
254
254
251
8203
245
253
264
256
245
260
252
243
251
244
261
243
260
264
255
271
230
239
238
280
222
224
240
250
230
245
242
252
246
240
251
269
249
251
260
255
254
228
237
247
241
237
229
259
234
236
233
253
255
247
239
236
255
262
253
276
241
249
247
238
260
257
232
267
252
242
242
254
281
239
250
259
265
254
261
238
250
240
244
255
251
250
240
267
243
253
253
252
254
247
272
256
260
254
254
252
254
234
264
8117
255
257
250
238
246
253
237
257
258
244
248
254
235
243
253
252
243
259
253
249
242
235
238
246
259
244
253
249
252
257
254
260
247
226
261
245
244
245
244
259
251
242
239
253
245
288
260
245
243
248
224
254
248
246
245
249
262
229
250
251
267
270
247
248
235
248
241
248
271
239
263
265
236
232
268
254
263
246
246
257
261
251
240
255
261
264
256
238
234
239
267
287
244
245
259
241
250
258
248
8245
254
268
268
280
239
256
254
250
249
252
243
238
236
251
259
250
273
264
256
266
238
250
261
252
240
261
256
261
250
247
244
259
238
247
248
258
336
265
269
253
255
248
246
246
261
260
292
254
247
267
242
242
247
264
238
241
240
262
252
227
240
253
253
242
234
248
234
272
233
249
241
239
235
268
241
231
229
246
250
247
238
247
239
3089
247
249
356
238
240
245
267
248
247
249
246
253
244
257
238
2686
243
245
265
254
238
242
237
246
217
245
263
239
253
260
255
245
237
242
240
228
234
259
247
247
235
222
234
230
235
257
257
233
241
236
246
258
243
240
240
253
241
241
246
256
239
250
244
245
248
259
244
253
250
259
229
239
257
261
266
264
259
253
255
244
251
243
241
244
253
248
232
252
244
242
243
246
243
260
238
251
230
239
242
255
240
255
232
249
253
240
243
237
236
246
235
248
239
241
250
8450
252
234
257
241
236
244
252
231
271
220
234
257
249
235
247
249
231
220
263
233
255
247
245
242
258
227
278
255
232
235
241
263
230
234
254
260
258
226
254
265
237
237
247
245
227
249
239
227
240
268
243
230
255
261
230
240
256
245
236
246
244
248
227
254
230
239
240
273
241
243
229
234
237
247
233
3080
232
240
244
242
229
231
219
241
244
228
245
248
226
247
260
3072
231
243
244
266
227
252
242
8111
268
263
278
265
231
241
8284
232
224
261
254
247
245
243
251
252
239
252
250
242
261
245
242
233
230
227
232
230
241
236
236
254
222
239
231
241
253
251
235
251
259
250
261
258
252
243
241
268
244
247
260
261
238
249
244
235
244
237
239
263
252
246
251
246
241
259
277
251
273
255
259
265
250
251
269
266
241
231
240
256
241
255
257
268
241
263
243
253
257
283
255
255
239
266
264
251
244
245
261
8303
246
257
484
258
236
248
248
253
258
273
261
245
246
251
273
254
255
232
252
245
236
268
241
262
256
251
256
245
255
242
255
266
262
267
252
255
258
244
242
237
260
255
252
247
272
268
278
243
287
247
254
239
241
253
244
3077
256
254
268
266
230
249
259
266
273
242
253
247
223
243
247
268
249
262
257
256
248
255
263
293
244
263
256
238
233
243
255
244
258
263
241
264
238
257
255
245
240
284
241
8130
253
231
261
250
254
244
253
241
261
256
254
257
251
240
253
258
228
230
235
229
231
258
257
254
266
248
236
264
241
230
257
230
231
264
238
247
241
238
247
290
255
227
246
252
240
225
238
233
239
234
250
237
250
274
244
254
266
252
241
254
250
225
259
247
259
245
258
231
238
278
243
249
270
252
243
264
246
244
243
244
253
245
266
270
250
246
247
235
248
221
260
227
235
255
244
222
242
240
261
7401
222
238
244
240
248
237
228
237
239
249
240
237
237
225
241
235
243
228
248
7418
243
284
249
258
245
236
236
234
239
248
256
246
273
245
251
244
255
244
241
260
235
260
235
246
242
251
262
258
854
230
257
242
254
246
260
257
256
252
243
248
258
252
251
247
253
283
241
264
246
251
241
250
247
254
270
254
251
241
254
258
263
233
238
251
259
234
252
250
244
273
234
241
265
254
241
256
263
243
236
8077
249
257
325
244
242
257
250
261
241
255
256
261
259
267
262
248
259
271
233
293
262
263
234
257
251
254
263
254
262
246
256
245
233
226
240
236
232
228
275
241
230
237
214
231
239
240
245
252
262
223
242
245
268
238
238
241
233
232
248
225
245
250
245
284
250
3082
252
243
247
244
231
254
258
259
247
240
254
260
257
247
243
237
244
245
268
262
241
252
257
277
248
253
265
252
249
260
249
248
240
263
238
233
223
252
262
235
229
233
237
278
217
232
261
260
257
258
253
242
255
245
235
241
248
249
269
256
248
235
251
280
243
247
245
273
256
239
262
273
235
247
261
286
229
242
257
275
1842
236
236
243
238
273
256
255
243
231
236
255
261
239
251
254
255
231
251
254
242
249
251
256
256
271
248
241
259
241
243
241
256
239
248
240
259
243
268
234
234
261
228
257
232
252
260
256
257
234
245
253
252
7605
248
247
261
258
262
264
253
261
251
242
224
245
247
231
234
236
253
249
244
246
266
260
243
237
256
243
230
240
254
232
242
233
229
246
228
240
244
232
248
247
243
242
221
265
254
265
261
256
234
250
242
241
244
240
239
250
249
245
235
251
241
277
251
254
233
258
233
239
228
234
261
242
247
244
227
234
241
240
257
254
247
254
239
255
237
245
248
250
263
249
255
241
256
241
271
253
250
245
245
8099
255
3089
258
258
261
256
248
272
291
256
237
265
260
241
239
260
243
256
247
241
264
249
244
252
261
255
246
260
256
249
247
242
254
248
232
268
250
248
252
290
262
238
263
251
260
253
241
270
274
240
254
258
270
248
247
270
242
244
3075
254
254
267
259
253
260
271
243
228
262
243
250
253
251
258
242
248
253
251
263
260
263
256
261
246
251
246
264
275
247
241
262
237
237
249
266
246
253
252
258
8331
241
239
243
212
228
229
243
248
255
228
248
250
254
241
275
261
256
243
252
257
249
230
254
264
244
247
277
273
253
262
256
252
253
262
252
249
236
256
263
292
248
269
280
251
235
245
262
246
251
270
271
269
254
250
3076
246
244
393
257
260
254
285
254
238
260
273
247
271
251
273
272
242
253
245
263
250
263
248
246
239
265
247
258
241
252
240
268
240
249
251
251
271
232
265
276
253
247
252
231
7895
264
257
264
263
251
245
270
8359
237
257
251
257
250
249
256
254
227
252
262
245
235
243
262
258
254
248
240
279
245
244
268
257
247
250
263
246
242
245
258
254
252
266
236
260
242
274
254
277
249
260
262
260
240
271
249
268
256
243
244
244
237
240
251
251
253
252
249
245
233
250
240
233
237
262
264
251
241
263
247
268
299
235
263
255
263
261
243
253
241
250
252
261
256
248
273
275
268
255
245
8055
244
252
275
248
227
263
261
265
238
271
247
249
237
249
253
240
243
250
290
241
246
245
371
255
248
237
274
255
237
256
253
257
259
265
262
252
247
234
234
287
246
250
245
243
236
232
238
239
233
263
256
253
253
260
263
250
265
258
270
248
271
255
281
229
245
249
258
228
243
254
240
238
249
244
248
244
260
262
255
269
283
255
259
233
271
265
253
237
256
250
247
238
258
257
263
260
254
256
263
8265
246
255
248
250
254
254
250
270
241
257
256
251
249
238
246
266
253
249
247
246
239
248
252
250
237
230
250
247
251
235
256
231
241
243
253
241
244
226
223
243
258
229
223
235
248
261
242
243
251
242
247
250
237
247
245
245
245
242
231
239
249
271
244
234
242
246
237
219
238
225
228
235
239
239
235
229
237
230
280
266
239
258
238
239
271
239
225
242
243
261
251
233
241
235
236
244
237
294
253
8120
257
257
264
255
242
255
247
238
230
250
257
302
242
246
224
251
249
236
251
253
254
253
246
243
238
242
233
237
243
238
251
239
248
239
241
236
254
231
229
228
237
224
229
246
248
269
247
244
239
237
227
238
248
237
249
237
239
232
227
244
251
240
252
233
243
261
233
244
295
247
244
242
248
269
246
231
237
259
239
241
235
273
243
254
248
234
247
241
250
243
250
247
249
237
266
250
257
231
248
