Execution time (ms)
107485
97943
103917
106858
103129
97964
98699
90750
97148
99182
105847
97594
96647
99190
98736
98650
98431
102628
99665
100491
104379
97636
104603
99019
100295
101846
100233
93292
90774
95669
94538
98171
96327
95976
96816
92969
91946
93674
96200
93674
92397
96977
92251
94162
92744
95301
95613
93224
96105
94566
91654
96012
102760
94116
96305
97323
94642
96512
91943
96505
92552
97598
93178
94339
95535
97272
91922
96133
94748
95358
96139
91195
96505
96338
96175
91335
89454
95870
96349
90353
94825
94755
97821
97681
95621
96505
92757
95531
97150
95397
95488
95709
92035
107021
95692
96045
95018
96693
94725
93865
110098
108653
108964
107038
106066
108645
109597
105800
116439
80719
107596
111649
109107
107098
102980
108860
119326
110051
106573
122039
108540
103851
104449
96327
107980
110871
113275
107076
109530
108141
111569
106702
77214
108828
116661
110902
109723
107594
105755
108960
106003
110158
103142
113879
120420
92621
106103
106621
106214
90271
110348
108580
107340
105655
105008
91614
109570
109083
107181
103549
109383
96444
123222
107826
106971
106216
110320
68964
96480
111270
104445
104944
110154
107128
109271
107391
111993
109572
90285
108987
105463
105131
109360
94189
109917
97858
96347
112357
47274
109497
107600
101471
111534
109116
93063
109614
111325
109742
92081
107269
