Execution time (ms)
36063
35687
36128
34847
34829
35414
36452
30153
35548
35753
43574
34592
35049
34260
34951
34119
35314
35588
35188
60727
36437
35089
35454
36758
34476
35306
36140
35340
35265
34392
35343
34845
34928
35070
34649
35001
34858
35221
34105
35045
35472
34465
33490
33998
34729
35908
35327
35098
34601
35557
34793
35083
35763
35856
35300
34943
34655
34615
35223
34974
35370
35800
35273
35837
35077
35004
35272
35770
34081
35765
36096
35811
34920
33745
35676
35040
35840
35563
21803
35154
35430
34732
35842
35114
35925
35457
36480
35854
35391
35071
34725
35112
35590
35290
34185
35167
35211
35714
42373
35493
34252
45006
35605
35731
42114
44662
44247
36301
35883
44490
49967
44572
44793
43262
44091
41354
44854
45267
43965
43728
45249
44086
53717
45034
42629
35693
44460
35490
35092
50039
44328
44071
44866
41837
44539
45078
38515
45403
45535
44661
36088
45331
44966
44843
43002
45128
34881
34800
44153
35486
35075
34056
45480
52180
34458
34794
44468
36168
37398
44536
43896
43788
44636
36991
34382
34829
44614
45500
35921
53473
35940
22671
44734
45294
45280
44336
36196
45164
35935
42616
44326
51058
45516
35402
44566
43820
44741
35210
43947
35595
44925
45305
42985
44754
45543
53569
41600
45293
44426
45101
