Execution time (ms)
707
12198
11511
12338
12335
12114
12468
12131
12150
12232
12282
11503
12074
675
644
12225
12274
12363
12261
12137
663
12259
12089
11165
12335
12315
12073
12187
12143
12029
12546
695
661
11810
13088
12153
12211
12399
12242
12180
12327
11740
12241
13058
12230
12082
644
662
12483
11516
11783
12310
12205
12080
12137
12725
709
652
12488
11461
685
11489
11959
11343
12185
11983
12416
10915
12072
11636
676
12097
10779
11895
12326
649
11834
12324
12045
12255
668
12075
12277
12525
11998
750
12046
12045
12143
12136
677
12405
12161
12342
12242
13722
12101
12325
11754
12068
