Execution time (ms)
9850
416
422
427
472
491
431
457
399
393
503
432
435
408
380
517
433
413
423
417
419
481
431
482
427
472
433
524
426
442
417
434
446
450
435
465
415
489
440
424
409
460
433
419
409
409
418
411
421
471
450
481
417
510
413
414
396
455
504
401
450
467
403
464
414
415
441
406
439
421
448
464
377
413
413
530
463
472
416
498
416
436
416
499
415
421
407
440
420
462
403
437
428
427
417
472
446
437
419
439
10686
419
435
456
523
502
444
420
385
397
417
408
411
431
442
427
483
432
450
463
440
443
396
436
442
500
524
435
450
430
444
489
458
423
431
445
409
417
519
419
435
411
409
442
419
506
399
444
436
484
432
451
418
506
495
461
410
413
481
493
441
437
492
395
424
449
422
426
483
438
408
438
523
472
425
435
405
444
421
445
384
473
515
438
420
418
413
415
413
441
422
452
503
476
408
417
398
471
422
448
10629
437
426
480
401
421
437
478
413
386
397
437
490
414
407
414
439
427
431
418
407
448
451
402
435
438
491
445
414
430
413
465
422
423
412
485
408
436
452
488
408
490
418
489
429
455
397
475
411
417
427
427
420
449
388
409
412
486
416
500
449
406
437
439
477
428
459
407
407
448
398
494
407
429
385
431
423
401
375
459
442
437
404
440
421
493
416
479
484
426
490
513
449
437
409
412
435
466
461
414
10273
373
457
405
394
368
405
406
393
441
398
386
413
387
415
466
436
490
390
391
421
376
459
440
414
432
387
457
460
500
446
394
409
427
430
399
500
439
399
456
393
391
405
398
399
415
410
435
458
399
471
436
417
374
380
372
372
402
449
414
402
412
434
415
425
466
401
432
445
465
466
411
388
396
379
427
455
405
442
388
391
463
430
381
397
478
480
419
439
404
433
464
460
453
420
407
412
532
376
411
10785
483
435
415
440
457
474
457
431
512
443
455
410
429
394
404
426
485
509
423
431
463
463
455
476
476
432
418
446
471
421
443
377
404
422
470
434
473
407
475
427
423
435
460
433
402
442
485
408
407
435
475
441
464
522
412
417
451
494
385
437
446
460
498
474
444
427
448
405
420
418
409
404
467
455
446
419
501
440
440
401
493
408
438
409
433
448
435
403
478
486
421
412
418
483
434
487
469
447
454
463
455
465
495
435
421
444
445
456
443
428
483
442
431
427
433
411
480
463
447
481
417
482
440
460
508
432
429
473
421
498
429
420
527
432
475
415
527
485
462
436
413
483
380
451
429
466
429
431
449
428
399
421
500
442
452
497
457
455
513
433
492
457
456
492
420
454
403
526
445
458
437
429
471
469
463
452
463
456
469
429
408
425
432
431
438
499
495
423
500
467
440
414
446
430
409
486
434
492
448
10888
483
471
493
411
445
426
436
512
403
401
406
433
474
425
487
422
408
409
405
430
458
481
403
473
498
466
425
420
412
428
498
468
412
403
447
406
407
428
400
369
401
413
444
436
474
429
399
402
429
415
373
384
399
396
498
471
444
456
428
505
483
437
469
481
411
437
409
410
401
446
434
453
406
425
373
441
429
447
472
424
435
441
496
447
476
441
465
434
412
416
418
430
415
517
429
465
380
435
435
11040
506
466
400
462
461
454
381
486
449
432
463
471
413
450
446
419
377
457
459
466
450
436
416
462
399
456
478
481
389
432
464
492
459
497
424
459
435
398
482
441
404
433
396
416
441
403
406
402
470
413
434
373
452
473
448
435
496
440
413
450
410
393
520
441
436
417
414
444
404
411
456
409
519
448
424
473
483
473
440
418
460
490
428
423
445
461
411
438
489
414
466
483
435
409
443
454
478
452
412
10247
467
419
455
413
431
514
452
461
477
403
442
396
451
431
476
469
450
467
465
430
405
443
474
480
464
471
416
452
409
414
408
511
439
448
442
423
443
407
501
417
487
459
451
460
459
450
419
463
485
428
453
450
447
492
439
413
438
483
465
402
489
464
481
478
437
424
439
469
504
503
453
414
508
430
475
417
435
469
426
452
446
423
443
435
427
435
407
451
437
430
492
444
418
478
425
411
442
405
446
10157
434
450
505
432
463
404
454
411
447
423
465
438
469
392
461
436
424
425
498
405
486
433
490
380
401
468
457
405
443
456
441
457
431
437
395
439
412
425
443
487
421
403
453
388
411
479
495
486
412
434
444
432
442
453
461
403
442
420
492
498
459
471
494
419
430
416
497
399
477
420
452
434
445
387
406
393
445
406
459
455
453
395
439
409
420
420
428
433
444
492
411
426
407
465
437
452
464
422
505
10036
471
502
443
505
460
413
503
521
464
454
451
494
439
446
461
393
480
440
454
431
436
445
421
418
504
470
463
477
386
387
418
398
489
442
402
402
453
420
504
415
517
458
497
449
444
390
435
518
481
427
457
435
461
417
447
449
433
426
437
406
456
432
501
460
473
465
465
398
418
434
405
423
462
473
518
411
410
409
433
408
383
489
413
397
447
444
469
474
424
473
430
472
443
433
490
445
416
424
416
9992
521
470
408
411
485
410
418
466
432
472
409
446
426
408
406
441
417
450
426
428
408
462
458
410
409
449
431
477
421
404
466
446
456
484
487
470
412
467
431
468
406
427
447
445
383
464
465
417
396
394
421
416
419
394
398
415
419
457
406
420
407
455
540
443
439
463
499
464
400
459
460
460
423
417
431
379
401
432
437
445
407
498
412
395
386
479
404
458
465
411
426
403
467
427
475
407
406
474
419
459
469
413
488
467
450
467
454
420
414
483
399
485
431
491
376
442
403
466
425
435
474
440
470
478
451
444
392
472
435
464
392
437
386
468
438
440
469
445
454
439
399
418
397
448
481
461
411
411
444
426
473
430
374
450
407
404
434
431
403
428
419
462
441
454
406
424
460
460
410
450
411
392
402
429
432
485
401
431
466
427
455
390
414
461
457
462
408
421
413
438
468
462
466
425
439
422
476
443
468
11104
425
419
406
417
487
439
392
401
384
426
443
453
455
481
465
438
392
483
462
438
380
422
413
399
453
441
407
408
403
406
402
403
468
430
394
482
455
439
421
428
411
439
424
466
412
456
461
422
406
394
395
454
489
416
473
449
413
454
400
404
534
428
443
405
402
448
427
445
415
441
470
434
469
443
474
411
399
439
471
382
415
418
462
404
408
425
439
470
469
466
428
412
421
510
446
371
426
409
375
10431
475
459
469
474
521
474
417
412
456
457
501
425
425
434
413
441
422
407
416
512
417
411
453
457
515
448
450
452
425
419
434
422
433
437
420
414
445
458
430
404
422
421
429
394
423
417
492
428
410
451
452
447
436
483
478
422
412
441
438
481
457
537
450
417
437
391
409
447
402
450
480
414
423
458
416
387
487
433
427
417
405
420
497
490
449
461
496
435
417
425
421
421
450
471
460
482
443
446
470
10339
497
543
409
388
427
407
432
458
403
430
386
462
472
422
396
419
502
425
389
429
395
464
400
429
386
415
382
389
395
384
399
405
461
477
411
390
434
429
426
473
473
483
483
503
426
428
414
441
425
524
479
418
432
459
493
420
493
417
415
423
426
537
460
438
488
466
467
422
466
412
489
460
436
507
511
507
457
464
485
469
465
476
463
461
492
422
490
443
537
450
475
447
471
522
470
442
429
582
517
10705
448
444
385
414
390
429
404
407
412
509
410
465
454
460
397
468
417
456
495
436
418
470
439
433
413
411
432
421
456
456
434
408
431
415
434
468
440
414
411
457
404
463
491
471
392
504
414
436
427
432
410
498
413
420
409
476
476
444
413
465
407
430
420
421
419
418
412
417
471
398
463
469
415
415
475
523
449
450
456
413
409
464
408
406
478
450
420
450
411
485
466
478
417
404
411
414
403
409
444
10286
461
413
481
491
437
471
453
478
473
439
435
535
461
519
461
410
414
486
448
438
481
480
453
426
455
476
420
418
449
424
489
471
414
434
498
427
471
476
429
487
479
424
490
383
410
413
463
481
436
446
460
414
456
417
441
421
435
469
421
430
453
416
459
412
518
408
448
482
459
423
443
427
469
478
413
411
464
500
435
474
499
458
442
498
418
446
385
475
441
427
420
496
400
486
439
489
431
428
484
9544
458
406
402
441
434
460
468
415
427
394
427
474
414
463
513
458
471
486
402
454
403
407
501
430
464
423
476
399
416
448
459
432
439
432
420
445
441
432
455
378
453
431
425
433
492
396
418
463
420
418
433
390
431
420
394
414
383
436
405
510
414
440
387
482
412
427
396
458
403
452
401
438
424
423
491
479
403
434
443
431
412
495
466
422
396
423
447
459
428
445
442
397
389
447
463
390
452
391
393
493
390
398
404
393
398
409
405
390
434
405
441
391
401
433
495
490
450
466
420
494
486
442
458
459
497
415
427
485
415
518
432
418
403
374
458
429
434
415
398
390
424
437
479
403
442
454
425
451
481
419
442
427
477
406
442
405
399
407
439
499
466
404
428
401
454
428
407
398
412
400
435
412
429
425
476
469
422
398
451
418
406
388
472
491
454
440
417
379
401
407
373
399
434
444
406
399
405
446
427
9630
458
430
449
397
443
447
476
444
438
431
436
468
411
452
432
429
428
434
464
454
438
401
480
439
424
413
437
451
413
412
451
436
445
424
422
398
400
439
412
446
404
430
411
409
407
457
427
418
411
407
455
439
470
435
405
412
395
428
387
464
470
466
408
475
418
489
455
458
410
439
410
426
398
462
405
384
392
423
473
422
404
485
480
473
414
445
425
466
443
412
469
395
473
455
405
461
432
464
486
10259
508
460
417
407
423
420
421
432
432
410
405
525
458
455
413
454
460
438
433
436
475
434
382
442
491
418
443
445
435
420
414
411
419
417
393
406
434
447
411
397
440
431
486
416
438
468
391
454
417
401
424
415
411
449
462
413
417
460
433
418
423
524
419
472
481
434
445
437
401
487
419
416
480
452
417
455
405
478
447
422
420
413
469
426
416
417
424
413
428
495
453
437
404
405
388
465
496
433
430
482
429
411
423
404
419
436
493
477
423
489
461
420
422
418
397
431
437
481
414
415
390
386
382
421
423
429
433
383
437
405
413
453
477
379
384
413
440
498
504
495
419
419
461
445
429
439
447
435
414
425
467
425
416
483
438
442
430
480
413
472
490
451
419
478
437
492
457
409
479
495
477
494
414
428
445
403
416
460
445
388
410
485
405
428
402
405
519
439
479
463
479
412
420
416
416
435
411
436
404
427
462
451
405
416
439
521
411
461
425
483
434
473
405
479
402
439
472
443
468
431
408
414
469
412
416
459
415
406
415
490
419
471
443
487
422
422
417
434
418
520
468
489
442
404
518
451
439
425
385
449
427
427
414
454
378
396
432
432
481
458
428
503
483
466
408
542
432
427
431
473
459
433
410
417
452
422
410
410
417
427
416
419
465
433
414
453
481
443
417
450
454
468
432
442
458
445
502
476
438
10262
481
512
508
419
463
425
418
424
440
411
456
418
474
435
473
417
444
417
422
477
479
411
505
412
481
419
445
430
460
527
479
429
422
420
414
463
455
412
411
429
490
467
495
442
515
421
407
460
448
415
427
428
419
436
484
486
446
477
506
485
412
414
414
382
483
436
508
499
507
472
416
446
481
427
448
415
444
507
416
494
433
464
459
448
489
423
506
463
506
482
506
470
491
411
447
500
437
444
495
3908
480
415
416
470
399
489
446
413
387
450
398
382
426
403
401
441
399
408
424
385
488
373
434
403
469
444
448
477
483
402
443
483
437
404
390
405
399
437
409
411
450
399
424
443
450
481
426
394
411
455
468
423
463
467
443
427
435
398
387
414
395
401
487
441
429
456
486
389
446
402
478
419
433
463
434
448
432
430
436
435
454
435
406
421
416
446
406
394
412
462
429
460
458
442
416
405
457
482
404
10507
459
431
467
505
483
473
412
398
399
406
404
392
493
440
466
416
445
435
380
380
464
432
434
416
430
508
460
396
425
401
416
434
442
520
532
438
431
465
449
474
403
476
404
479
444
429
488
444
483
422
400
455
433
432
403
460
417
445
399
412
467
461
426
441
486
491
431
492
438
406
422
477
422
436
424
484
487
403
396
411
442
417
434
479
408
476
424
434
526
443
456
395
465
466
476
426
418
421
480
10565
507
465
454
436
456
430
517
422
453
415
426
417
488
453
419
444
406
393
469
418
469
434
501
484
419
425
450
411
454
511
479
510
441
422
456
473
454
491
436
398
420
505
456
484
433
435
422
427
434
419
391
437
487
402
445
442
430
442
437
432
437
424
430
472
468
473
443
439
434
451
460
469
445
486
497
456
430
562
415
416
423
412
415
411
381
412
412
429
420
506
462
421
455
450
412
448
409
419
431
489
414
462
395
451
389
497
397
493
489
413
446
423
472
492
393
403
451
432
438
476
470
489
401
412
434
423
432
428
438
424
420
480
454
408
446
446
465
472
461
447
428
411
470
455
420
412
476
398
381
434
387
458
412
412
478
428
387
406
400
416
409
403
425
472
396
471
423
443
412
426
436
499
412
424
452
445
409
407
429
467
496
517
422
388
481
468
406
410
450
481
482
431
432
423
398
413
416
414
473
10203
487
505
430
497
474
471
456
487
505
496
443
437
491
419
403
427
420
440
405
416
474
427
425
461
429
414
396
439
418
485
402
437
384
460
481
467
454
437
436
434
498
505
436
438
476
429
461
443
431
496
431
418
419
506
389
427
415
430
421
455
466
409
466
471
482
408
413
406
465
405
402
450
460
418
419
435
431
473
408
458
499
509
419
414
491
407
464
432
496
9778
473
442
445
478
430
430
450
439
427
459
469
474
447
441
458
411
441
422
455
481
454
410
447
453
409
493
439
448
482
447
442
469
411
448
452
462
410
476
408
395
398
406
463
483
428
410
463
432
453
457
442
451
446
416
448
437
466
415
451
423
403
435
461
457
405
513
425
430
420
409
421
476
433
470
414
406
449
424
400
423
411
438
402
472
399
427
400
434
427
402
397
397
414
447
395
417
445
494
396
423
404
403
411
434
444
515
464
430
445
9904
416
459
399
412
445
496
409
390
444
433
414
394
429
477
433
417
414
439
405
406
462
438
404
470
426
403
404
471
404
394
408
423
409
429
404
448
430
497
478
419
466
449
438
466
429
394
441
407
520
508
436
416
419
510
457
461
436
515
407
438
405
403
384
417
434
468
447
450
414
445
416
427
399
449
455
436
411
413
415
430
424
433
414
437
483
409
419
411
413
390
490
445
452
399
403
403
413
426
383
10579
500
421
442
407
402
396
496
423
493
482
434
400
456
490
459
507
481
420
466
415
506
395
536
443
443
409
483
504
479
404
504
433
512
412
494
419
456
504
500
425
408
428
505
378
396
448
450
505
472
484
504
433
435
424
412
383
429
493
398
416
416
437
429
468
406
425
435
421
442
418
424
431
444
479
432
417
444
457
493
466
434
413
470
490
424
420
419
425
451
405
416
473
435
414
391
419
483
489
450
373
423
400
408
411
466
484
443
423
422
430
407
422
413
446
462
488
417
395
409
442
407
453
414
398
421
462
408
444
415
491
415
480
410
433
436
462
401
442
395
475
413
466
405
425
529
420
465
470
400
420
446
443
447
471
425
401
428
483
427
452
411
391
404
479
428
397
458
459
424
402
426
415
424
426
391
446
493
446
419
433
529
472
450
461
418
466
403
479
529
459
437
460
402
414
395
499
400
518
400
10236
397
449
407
465
409
452
447
424
498
417
483
440
447
444
455
436
448
471
431
499
465
406
462
413
430
387
398
474
403
407
501
475
417
422
440
488
442
468
408
485
513
436
416
435
412
415
505
455
464
401
419
393
408
424
406
465
486
416
416
420
403
442
411
458
483
456
477
402
477
450
411
391
406
428
401
466
514
424
429
424
402
490
399
407
413
433
435
458
487
440
435
438
460
456
431
407
483
428
524
10474
453
432
394
395
489
435
402
433
444
392
404
420
409
399
488
397
428
413
450
449
395
438
478
404
436
494
413
403
469
401
382
454
413
484
493
433
397
463
448
418
417
434
433
396
401
418
425
501
408
480
483
494
399
396
424
407
424
482
463
474
448
419
392
478
408
402
492
468
469
464
414
469
436
464
413
452
394
427
455
490
429
406
455
437
408
437
401
407
440
444
409
488
486
487
488
505
402
459
423
10567
469
441
505
494
448
545
480
452
389
442
504
435
431
481
427
484
480
438
429
444
415
503
406
442
489
446
519
485
420
431
402
398
428
473
469
407
465
441
405
433
436
475
546
503
516
454
436
497
419
433
402
468
470
475
464
443
448
417
449
463
424
417
419
442
397
412
528
452
512
441
414
478
437
557
494
433
418
423
415
445
409
441
430
444
406
488
441
419
408
470
496
464
401
450
510
515
424
428
381
9792
402
453
448
422
409
429
446
401
396
455
419
485
462
412
408
483
443
433
408
457
414
478
411
519
470
506
447
479
418
469
437
489
482
508
475
428
485
428
476
456
410
428
424
452
415
475
413
433
413
448
416
436
413
479
381
405
376
406
471
502
387
448
537
529
405
476
415
462
467
455
419
493
488
415
423
455
467
470
404
468
484
507
424
478
419
406
441
481
502
509
415
419
441
426
416
454
469
407
414
503
440
496
419
452
453
437
508
497
436
413
419
444
485
475
397
438
424
394
420
420
440
484
477
506
441
428
453
461
410
409
397
448
416
498
447
494
479
487
489
500
437
442
404
457
396
441
412
418
444
461
402
414
393
443
408
428
438
484
457
412
440
426
416
439
415
480
421
426
460
465
426
439
499
458
436
446
420
389
430
439
435
392
473
450
484
402
424
497
431
478
441
509
411
408
479
570
404
457
409
10382
412
427
434
406
434
473
422
407
406
485
439
417
498
451
505
455
422
419
429
433
466
456
460
418
455
412
459
440
424
426
437
451
434
458
540
413
414
430
442
501
496
411
445
464
451
444
394
474
470
441
437
513
449
449
470
450
445
457
447
468
465
407
411
412
425
431
438
461
405
471
483
412
467
412
410
471
497
459
427
453
450
450
434
430
474
445
424
443
413
443
459
494
411
429
430
421
420
463
414
10527
448
387
420
420
412
410
486
491
524
407
479
415
448
410
440
414
423
405
423
414
454
427
403
413
460
493
423
448
431
416
433
422
449
489
450
429
498
481
409
429
414
388
395
375
482
428
407
394
421
405
465
393
451
445
390
432
429
501
395
391
445
399
408
425
409
417
400
431
431
418
411
399
494
472
434
449
383
487
496
484
426
452
441
501
403
467
436
433
488
460
486
462
417
504
530
502
493
425
419
516
451
429
498
477
397
472
422
515
402
466
410
447
431
453
403
442
472
499
405
487
411
442
469
457
408
434
398
473
400
10581
415
422
412
426
437
488
379
401
395
419
404
422
402
459
403
416
418
410
423
412
400
503
418
414
413
496
394
456
417
479
388
520
466
449
413
489
421
518
412
518
418
456
384
505
454
445
416
440
420
434
411
463
468
514
450
480
388
501
418
438
410
446
375
477
437
463
398
465
411
516
459
441
401
436
405
506
403
491
493
418
418
471
454
420
421
412
464
473
476
457
403
486
413
464
417
445
400
467
518
479
504
497
405
428
414
494
409
416
478
486
418
445
409
450
454
458
466
493
399
466
480
485
413
424
412
440
438
460
383
501
410
473
415
436
406
467
399
464
482
447
476
392
392
460
447
410
517
508
409
455
424
441
405
422
415
431
421
486
463
449
451
459
492
437
428
435
456
483
436
10523
464
417
402
404
421
437
409
422
479
393
405
407
398
404
403
411
462
469
403
394
395
388
386
407
426
414
518
398
493
464
417
443
428
401
457
421
391
524
446
420
448
398
472
424
531
429
415
401
419
412
442
400
460
419
398
399
492
459
403
449
399
486
422
412
406
378
459
450
426
496
426
446
399
437
480
465
447
458
413
453
423
402
436
428
417
377
472
435
487
413
487
452
454
444
419
416
446
445
420
10629
414
440
472
417
465
457
461
490
417
440
408
442
434
464
459
411
541
497
423
451
415
441
483
440
455
441
484
467
412
394
407
515
391
493
448
459
415
463
400
442
437
372
471
388
478
425
485
457
406
433
407
396
517
479
491
410
465
482
444
399
458
404
433
430
430
384
440
403
400
393
464
411
429
425
456
447
459
425
493
396
408
457
367
403
484
449
444
482
455
377
471
452
450
449
434
424
433
395
442
10414
467
404
443
440
456
432
466
465
455
440
429
391
454
488
430
432
397
388
390
426
453
417
419
445
441
421
432
472
420
470
409
401
408
420
455
437
428
413
448
406
427
405
433
404
611
437
418
442
527
468
452
416
528
472
458
384
492
402
463
447
475
427
498
478
482
471
426
541
407
435
409
487
406
411
416
436
456
419
478
432
428
423
428
408
487
494
467
400
458
429
508
413
488
417
445
395
420
468
446
9674
496
411
481
528
417
467
447
437
497
424
422
501
437
406
494
423
549
413
504
459
490
452
501
457
438
393
446
426
415
430
411
504
431
451
463
487
464
453
408
484
481
419
492
416
460
428
443
416
421
438
485
419
522
406
432
508
466
486
463
488
468
483
446
436
513
433
419
492
403
454
406
480
446
470
453
447
456
458
431
431
513
446
449
491
473
463
433
445
489
448
403
417
484
520
410
408
435
425
456
406
462
407
420
392
471
411
445
437
375
409
397
407
493
434
408
515
393
486
401
497
506
418
403
464
471
398
405
437
373
477
417
472
447
449
406
475
393
460
443
448
421
421
393
431
415
424
418
379
403
387
366
414
473
486
449
431
412
469
394
413
441
432
454
423
452
423
370
475
404
416
489
397
516
493
441
411
459
462
435
467
410
452
404
418
408
445
401
410
487
405
455
412
406
430
409
428
413
476
457
10203
415
398
504
432
397
435
428
447
411
377
449
376
401
436
393
368
423
454
403
405
406
459
446
415
416
413
458
395
439
399
428
384
434
391
451
461
402
459
373
420
474
424
389
386
382
408
386
402
390
395
455
456
437
410
486
482
425
398
400
448
406
397
406
407
509
433
451
395
427
396
421
418
400
410
411
441
453
491
465
385
434
414
449
376
473
426
439
448
395
408
422
399
437
496
444
435
412
416
439
10471
434
427
499
477
417
456
458
457
461
414
455
411
479
413
413
407
442
409
447
394
456
462
443
417
453
391
465
415
457
413
445
480
471
417
490
461
453
451
436
416
437
481
503
431
514
408
477
424
490
412
457
428
459
432
552
509
436
396
407
482
480
457
417
408
444
410
428
431
478
424
500
414
408
452
484
449
416
411
414
409
410
468
419
473
382
405
477
418
438
431
414
429
407
414
435
433
441
497
382
9829
469
402
452
430
486
431
484
448
446
404
407
389
418
409
469
434
462
422
493
427
430
439
475
419
416
457
465
391
392
432
392
425
416
432
414
386
454
511
425
440
450
437
468
403
452
415
393
401
482
422
411
485
406
419
444
467
446
508
444
446
495
472
465
395
403
446
421
412
421
437
463
453
415
513
510
471
474
439
402
442
386
443
425
444
381
418
447
426
486
413
426
413
398
498
408
434
411
390
510
407
456
424
411
394
420
420
432
414
397
434
412
470
388
383
404
410
381
392
396
407
415
415
469
380
458
411
459
387
444
434
434
427
400
404
395
417
403
417
409
426
475
424
392
426
419
455
387
413
439
454
389
486
397
473
468
467
414
462
460
471
393
433
401
469
489
445
390
389
375
458
450
423
422
457
427
458
425
466
372
462
392
458
401
419
377
451
405
450
422
416
396
439
412
395
392
494
420
416
439
9936
440
472
401
408
398
419
394
430
428
485
461
528
501
517
383
475
421
409
403
391
461
441
462
476
460
474
431
481
482
473
415
449
435
449
402
456
383
483
381
539
417
508
483
519
427
469
414
486
407
465
413
448
477
470
458
437
419
487
429
415
426
407
499
455
459
486
421
475
503
460
421
449
457
442
414
405
422
435
455
503
497
456
494
413
451
401
468
435
436
483
502
456
448
446
445
462
420
449
463
7396
467
458
471
412
446
474
386
411
445
509
474
466
464
470
436
417
415
497
407
413
428
468
461
411
402
452
439
475
399
422
476
459
410
455
412
413
408
471
393
469
423
412
423
507
532
467
478
402
433
394
417
460
480
389
398
449
446
451
395
468
429
417
420
482
473
397
512
445
446
443
427
393
435
409
440
403
462
452
465
454
501
445
484
450
465
503
456
466
408
384
449
395
418
408
412
386
426
383
386
10681
484
404
450
507
465
470
413
432
399
470
392
404
401
410
409
399
393
470
406
447
399
435
433
463
529
410
405
484
430
464
463
428
411
442
407
477
498
465
406
431
405
479
393
405
428
458
454
498
410
510
411
432
400
440
397
444
387
433
408
457
444
401
500
428
469
469
470
463
424
468
430
483
443
406
458
457
416
421
445
391
475
428
431
379
438
388
405
412
426
419
429
423
461
462
396
395
479
469
433
11216
486
422
406
417
388
409
485
455
441
425
457
444
403
381
428
407
425
438
513
404
432
407
478
467
482
440
405
472
409
443
445
474
432
455
432
423
427
461
436
468
520
404
438
406
429
494
381
430
431
395
404
402
406
457
424
441
431
471
444
454
489
450
471
440
481
455
479
458
464
407
490
435
499
412
447
417
439
463
428
500
450
414
424
441
458
439
445
464
411
440
415
425
431
424
401
479
447
494
401
10549
437
411
489
449
413
395
427
406
10639
444
415
480
495
440
424
475
447
498
429
467
425
412
425
429
468
485
461
470
418
447
403
488
435
423
419
430
489
440
441
446
387
488
488
506
494
485
422
435
466
496
409
447
456
393
454
459
418
453
496
478
459
410
432
505
395
449
520
439
496
454
384
407
501
479
410
449
411
446
381
449
393
460
512
409
423
429
437
421
490
448
407
488
417
405
419
538
412
451
462
10659
421
408
430
462
426
367
393
435
387
422
396
395
394
443
411
398
398
430
411
411
378
397
400
457
408
440
411
482
450
430
471
443
407
469
444
404
445
447
457
429
405
402
388
475
449
492
455
486
398
495
408
454
383
442
467
494
428
419
467
477
401
382
406
520
393
422
470
410
467
403
411
463
459
427
402
448
410
481
425
457
375
416
468
399
387
412
581
454
435
412
509
398
394
409
432
437
471
424
413
9238
510
403
437
460
469
372
401
373
423
383
447
479
453
416
421
411
400
414
405
450
491
463
477
463
422
505
409
452
467
409
401
420
441
452
416
424
442
413
398
469
405
439
448
450
420
408
518
375
427
466
497
500
503
433
426
434
431
438
458
485
419
462
443
477
457
509
496
436
408
476
407
484
366
420
400
488
389
419
485
459
487
433
467
522
431
406
456
466
447
491
449
528
409
447
443
470
457
447
463
10219
497
420
397
414
498
463
494
480
449
489
427
501
456
422
489
523
415
421
488
523
395
469
470
465
511
453
512
493
422
403
398
412
431
391
404
401
394
476
390
452
421
438
438
412
476
424
475
508
392
414
426
424
398
450
398
482
401
395
423
446
441
414
396
412
470
384
518
397
458
397
477
427
412
421
415
490
417
415
391
435
410
490
424
404
417
432
412
522
439
427
472
427
407
398
413
476
436
388
419
10290
482
395
409
382
406
427
374
363
400
419
408
393
490
410
446
418
488
465
426
450
418
497
416
376
402
471
434
368
493
421
415
444
459
400
428
388
383
421
397
395
437
431
449
428
429
436
424
459
442
427
436
404
411
461
477
437
387
403
412
487
400
496
456
416
471
525
402
467
431
438
460
444
409
454
411
419
502
406
492
409
432
441
396
376
415
445
470
447
370
455
438
492
468
384
392
469
456
415
476
533
496
523
448
439
424
441
413
457
544
440
427
519
498
443
471
542
444
437
476
446
446
464
425
444
499
533
427
450
430
474
497
489
489
445
422
445
429
490
495
396
476
542
459
414
480
477
421
400
407
485
413
481
485
495
439
447
461
441
491
433
493
529
388
430
517
396
498
420
485
464
462
505
492
428
388
440
436
426
420
386
448
490
417
416
418
475
452
457
392
435
487
467
426
501
423
387
415
418
444
406
453
449
480
451
459
432
447
457
437
542
429
445
448
428
492
479
476
478
439
413
436
482
391
395
417
397
407
428
394
415
405
403
411
434
412
435
433
456
420
483
474
436
401
421
407
423
396
381
377
442
433
446
402
386
392
401
411
516
431
394
407
411
464
453
426
417
443
416
434
463
466
496
427
388
416
385
403
469
535
409
462
414
470
404
440
503
404
439
498
398
404
466
485
466
405
459
412
459
421
422
416
507
465
427
427
467
413
417
398
431
439
415
430
522
392
427
389
424
440
450
374
476
428
441
409
527
473
380
400
401
496
404
480
405
383
441
415
461
494
428
454
500
404
421
388
415
393
427
384
402
462
403
410
418
419
422
380
518
384
445
396
403
433
457
452
430
452
403
471
450
463
383
412
417
455
458
407
482
420
428
428
442
407
396
476
407
415
503
385
414
386
419
416
454
406
420
394
445
412
10224
431
459
429
473
416
408
492
455
386
483
422
407
402
469
431
413
492
447
413
463
467
438
422
452
463
499
405
392
393
398
391
462
395
469
406
426
412
474
400
419
413
451
422
465
415
433
400
483
402
448
411
430
395
413
401
486
425
411
390
450
398
411
421
410
464
486
462
493
460
412
425
457
457
488
386
476
411
498
406
422
422
403
405
491
485
437
416
471
418
470
450
505
401
421
402
495
420
440
389
10317
446
414
442
427
491
420
417
471
423
433
457
493
429
418
427
419
402
410
412
477
408
455
407
424
473
416
429
407
418
420
377
399
379
456
408
423
414
414
413
427
401
429
403
432
410
398
393
410
442
397
406
527
391
502
417
439
405
416
408
483
411
515
468
462
409
440
396
499
445
530
427
464
440
449
416
476
413
435
397
463
439
453
449
442
465
452
379
408
412
416
412
417
442
484
390
466
411
439
440
9094
449
471
416
460
488
486
461
441
455
450
411
414
397
397
408
495
423
458
432
456
412
430
439
470
442
402
436
487
408
443
409
439
424
460
463
447
463
431
414
452
454
507
382
386
447
381
445
470
429
466
385
493
434
468
499
498
401
464
422
439
419
508
418
464
427
402
412
403
406
406
418
485
424
480
431
467
407
405
426
417
407
429
432
480
402
430
390
411
515
441
501
457
477
439
432
421
465
420
429
7554
427
458
431
435
426
386
396
426
408
425
416
446
448
449
449
450
433
489
485
518
497
417
417
441
504
456
432
446
414
500
443
461
481
405
523
462
484
436
396
468
481
459
487
476
410
438
460
470
444
448
417
407
426
501
424
537
438
523
427
480
405
417
415
469
442
415
414
487
500
515
471
485
411
488
420
516
431
416
424
453
397
438
414
425
440
442
428
383
414
412
395
505
498
409
444
491
405
426
411
9917
432
416
409
400
402
437
408
416
409
416
379
474
411
381
386
490
402
480
429
472
415
410
422
434
398
420
431
440
417
477
476
489
408
424
468
474
410
489
495
481
407
423
434
477
483
459
425
446
407
464
533
434
471
441
439
445
491
476
447
482
468
442
412
461
415
417
474
450
405
426
453
422
487
415
447
407
434
429
411
389
439
511
420
482
459
426
450
460
423
462
501
503
400
419
437
496
422
464
495
10276
520
437
410
399
422
10437
476
478
450
430
449
380
475
399
505
418
478
401
485
399
414
431
427
406
423
456
443
435
397
398
416
484
426
400
497
465
433
417
413
432
466
479
502
394
486
460
392
403
414
416
429
483
442
419
490
428
416
424
439
458
412
497
461
492
451
401
410
463
473
479
443
421
471
414
487
469
417
479
465
483
437
471
463
483
435
466
401
480
507
433
511
436
441
431
411
452
492
421
435
475
478
491
440
409
440
444
415
416
388
512
470
426
438
502
448
394
441
442
455
455
498
478
477
487
521
490
459
432
464
504
422
439
508
437
524
383
378
415
406
386
433
429
425
438
463
422
377
474
418
407
403
407
425
429
402
489
443
403
432
490
472
430
408
418
418
420
463
437
449
431
506
433
456
451
470
477
483
449
414
400
392
487
407
417
404
396
444
388
399
407
412
449
412
406
383
404
414
418
491
10145
433
402
431
459
445
505
444
470
461
413
408
477
463
441
436
425
491
505
458
444
448
440
494
466
467
476
488
438
474
485
455
412
437
381
458
415
475
418
399
468
468
411
455
437
448
416
489
440
522
382
409
412
429
476
485
482
488
450
450
484
488
442
403
489
415
441
452
410
460
458
443
437
423
416
426
460
420
415
466
462
484
394
498
460
482
486
439
409
470
481
445
495
509
426
489
497
479
460
437
9732
426
412
439
410
395
427
450
420
440
408
445
386
384
393
447
408
444
420
462
430
411
418
447
397
479
412
393
459
437
415
424
401
464
394
418
386
452
395
406
475
448
458
476
429
391
471
443
469
411
433
365
395
458
466
525
409
398
429
391
451
415
456
435
454
407
485
466
416
407
394
452
387
446
421
429
390
471
464
478
427
458
424
497
453
437
442
481
419
454
450
402
465
475
431
420
465
421
391
393
10673
460
436
441
474
466
499
433
416
458
406
409
387
481
406
436
493
437
408
473
496
459
411
452
479
451
504
395
439
453
416
468
408
484
411
479
464
441
406
487
400
459
417
451
433
432
486
454
539
501
406
491
395
426
411
429
449
483
489
450
440
464
454
470
434
448
425
417
530
504
487
441
479
417
448
566
438
438
439
442
467
430
480
436
450
440
485
408
466
407
488
409
425
457
445
464
449
423
447
447
443
465
417
371
416
416
456
438
406
489
395
418
453
463
433
413
457
457
416
399
416
469
490
426
485
447
444
437
450
426
441
504
486
451
493
414
394
424
431
425
377
423
440
462
500
425
478
481
465
418
414
401
410
388
417
482
422
449
449
478
412
499
549
492
491
435
418
456
504
413
408
416
458
403
460
422
411
430
483
447
374
402
479
505
396
427
433
429
478
412
488
480
410
476
411
433
412
443
443
426
10034
490
450
455
394
394
394
404
398
465
461
451
441
477
481
457
473
464
473
418
436
469
474
433
403
424
458
467
442
413
433
429
458
458
420
428
476
442
432
433
446
439
407
470
492
419
464
414
438
454
410
375
405
414
398
433
424
445
404
484
408
473
415
467
420
447
502
500
455
439
464
401
395
387
391
406
378
429
414
411
421
394
407
388
405
438
469
486
395
431
406
443
420
416
409
390
458
408
469
495
10415
461
401
449
513
430
494
501
423
503
554
444
463
460
478
441
440
412
451
402
380
483
463
475
437
478
460
454
522
424
404
447
516
424
503
482
409
412
439
451
408
524
443
434
474
479
414
402
435
412
427
482
420
483
517
504
424
422
412
412
395
475
422
502
429
447
483
449
423
441
386
433
412
477
498
423
495
429
530
451
481
420
484
496
484
490
458
424
389
430
455
394
393
518
426
405
413
472
471
435
10421
465
406
453
468
408
401
480
495
475
476
422
439
410
415
386
404
399
466
471
523
435
471
486
393
450
382
436
417
424
434
449
407
503
450
437
468
421
431
456
452
455
388
390
464
424
396
482
438
449
432
454
398
440
462
403
380
455
412
454
408
411
421
476
502
474
498
498
509
485
430
457
462
504
440
459
417
535
426
441
428
426
420
495
435
481
474
428
414
439
426
404
412
475
515
431
461
444
473
446
407
457
444
431
395
420
399
428
378
452
448
426
485
436
436
415
430
447
456
472
488
395
456
453
438
467
408
399
432
441
463
464
403
417
403
417
398
426
411
472
496
450
414
421
445
463
447
390
394
430
438
473
404
413
439
383
456
481
416
467
425
441
516
417
414
438
416
424
383
398
480
412
395
426
404
373
511
401
452
448
417
422
461
409
486
433
439
417
424
460
443
416
419
436
429
474
468
439
473
415
408
416
472
412
484
493
414
466
442
413
422
380
395
446
379
520
419
406
436
480
437
416
457
472
463
441
390
498
429
428
420
409
454
496
447
434
473
414
438
481
450
472
434
417
540
418
446
405
442
401
431
424
451
404
537
433
410
407
470
430
413
448
436
480
512
405
446
491
463
410
414
427
432
415
466
430
398
481
416
414
476
486
431
408
404
457
410
482
407
475
452
486
505
403
436
425
407
434
417
409
10218
404
414
419
404
421
386
425
395
449
448
454
398
423
467
470
392
480
392
387
487
403
424
410
457
452
396
389
401
453
430
380
389
441
388
441
424
391
388
398
378
358
383
435
435
365
362
395
390
394
405
379
368
386
380
414
446
439
458
474
428
417
396
458
400
432
475
435
411
463
438
417
440
431
396
406
453
461
441
392
459
405
436
402
396
381
399
484
415
456
398
481
435
456
435
422
435
406
392
422
10528
444
420
393
417
424
412
388
462
491
466
390
388
418
401
418
415
427
401
419
459
479
392
468
396
405
483
439
415
422
476
411
404
432
405
498
421
492
471
463
412
400
448
444
410
469
453
446
418
430
465
441
447
426
420
463
408
518
393
503
468
433
407
427
408
418
501
475
479
400
458
385
401
424
416
483
391
455
472
506
453
393
407
424
458
412
403
470
489
526
408
425
465
432
401
418
398
395
416
483
407
421
415
433
448
413
415
481
441
10529
425
488
406
418
454
408
438
420
402
431
495
482
430
450
387
486
401
451
382
500
457
474
436
437
500
467
411
436
421
432
407
371
383
407
424
465
406
443
381
423
390
449
413
488
413
434
442
393
406
485
404
407
438
378
459
493
433
439
464
384
429
452
424
423
418
492
396
414
421
399
438
487
443
445
437
443
445
411
436
484
391
378
400
424
417
453
457
400
470
478
10442
501
473
423
513
421
395
417
471
422
415
400
422
445
411
478
483
413
444
412
499
492
452
462
409
484
468
454
435
397
453
454
432
409
420
412
460
397
431
409
460
419
477
435
415
431
476
464
419
441
406
409
456
410
443
408
407
428
413
390
486
472
430
421
447
385
430
494
439
389
415
383
404
403
379
389
455
412
514
451
508
396
411
475
469
479
430
481
403
457
444
397
438
376
411
395
445
404
408
407
10259
429
410
386
424
444
401
436
431
447
476
412
498
399
429
502
425
415
515
451
444
438
485
468
447
478
444
434
418
451
447
420
409
460
464
431
441
445
411
437
430
510
414
393
418
442
502
497
515
454
391
443
436
384
415
464
466
429
462
412
490
445
405
491
427
409
466
496
475
449
479
407
470
464
402
465
478
408
485
449
425
453
469
395
402
519
385
481
443
441
406
442
489
510
479
446
424
453
450
434
10718
483
391
453
423
521
496
504
409
429
406
512
436
494
463
472
440
498
428
419
412
511
506
504
410
405
471
422
453
513
403
469
425
404
423
443
391
471
428
395
492
454
413
466
503
473
402
410
398
404
481
493
440
420
417
439
441
457
444
477
424
384
450
421
446
422
448
406
448
468
409
425
423
426
466
447
427
412
412
399
449
399
416
447
523
466
414
425
432
441
414
416
418
459
431
491
505
408
413
419
10203
384
455
507
416
438
499
430
431
442
398
383
416
409
419
407
417
423
441
483
467
393
468
392
426
459
474
424
421
394
434
410
407
402
433
405
456
403
479
434
419
450
409
452
447
444
426
446
475
469
462
390
475
439
401
457
440
381
509
403
404
383
429
400
420
436
518
416
441
406
435
411
423
454
513
420
505
403
474
452
442
425
446
412
521
437
451
414
523
454
505
469
455
485
451
458
472
406
443
418
10449
416
484
420
414
458
429
424
502
419
457
470
536
493
427
440
438
488
439
401
410
434
513
495
488
495
426
489
481
430
437
407
478
412
441
403
474
434
505
453
529
442
491
462
426
430
447
430
429
504
444
508
473
447
471
404
431
493
475
438
404
426
439
437
467
414
479
407
409
426
478
407
420
398
382
414
530
420
497
404
458
419
425
425
489
412
469
408
416
425
479
402
483
390
464
415
485
406
514
461
10814
481
459
409
466
488
461
411
474
411
444
517
407
410
396
420
402
395
428
399
387
397
382
414
427
435
382
391
421
454
458
515
435
499
443
415
455
408
410
431
414
392
433
388
387
465
501
542
445
427
504
435
476
448
493
441
442
474
411
467
436
443
469
431
410
409
442
428
413
528
451
424
495
481
415
413
460
412
460
416
460
413
408
410
454
482
465
447
422
419
411
402
409
483
442
467
465
443
453
420
11934
456
406
394
471
443
486
478
482
467
429
456
474
418
406
400
463
408
474
440
448
467
457
439
505
448
448
400
461
421
440
432
493
427
441
482
454
490
470
461
442
477
430
455
515
506
462
429
485
469
451
439
506
402
496
472
441
458
424
425
453
416
496
422
413
471
445
422
414
424
400
400
446
408
409
395
451
425
410
398
437
424
428
418
454
410
406
407
488
540
426
448
443
452
471
409
457
414
447
405
473
533
425
429
481
415
464
388
439
414
421
411
436
413
409
397
464
431
487
480
381
504
462
396
394
473
426
457
400
451
476
462
485
486
380
443
415
467
449
528
443
457
435
459
422
442
442
421
449
411
464
437
452
404
423
429
411
397
454
391
457
534
440
460
466
411
442
439
466
476
435
472
486
507
456
472
463
443
482
488
455
443
468
474
426
422
493
419
464
410
486
448
400
488
380
492
464
425
446
437
10350
463
415
429
407
451
442
457
438
426
405
408
446
440
431
498
427
413
528
476
443
450
462
463
417
422
499
472
456
415
428
407
448
500
413
502
411
428
391
420
436
472
418
498
412
424
440
433
388
456
425
428
416
464
428
456
440
480
405
425
451
406
397
400
391
398
396
423
411
460
424
386
495
412
431
440
397
408
394
491
433
490
409
411
426
437
403
458
453
453
409
447
398
404
434
404
409
474
454
427
9586
471
375
380
437
456
388
510
432
437
401
462
478
420
461
472
414
394
399
447
390
497
390
400
396
425
366
414
406
450
407
467
407
455
492
398
496
454
449
414
416
462
407
403
457
452
481
432
407
450
412
464
414
494
407
434
482
428
394
427
397
402
454
453
430
463
453
422
411
416
399
370
447
444
445
416
476
474
441
406
408
390
401
387
401
469
391
438
499
422
401
456
427
428
470
438
488
427
422
410
10898
436
476
486
403
401
459
451
395
506
437
454
451
473
434
433
480
480
423
474
460
478
425
423
441
429
459
489
466
500
415
433
459
479
467
449
478
509
489
448
407
421
456
397
455
414
465
521
434
485
428
419
472
420
412
413
415
433
440
428
482
409
446
463
429
423
499
399
380
399
405
429
387
434
394
399
429
422
507
431
419
395
457
447
412
443
428
488
461
527
382
449
411
476
431
424
496
492
463
439
9978
451
389
439
422
416
509
455
419
401
434
423
469
472
397
411
403
410
406
449
426
421
460
407
451
399
404
458
477
401
432
387
445
454
418
410
415
406
454
406
453
427
469
394
442
484
429
428
429
415
419
378
455
469
415
431
415
449
419
393
481
438
420
404
482
407
469
449
426
445
399
471
438
414
438
402
434
395
461
469
473
432
407
440
430
408
453
407
390
403
417
397
403
382
475
421
461
466
470
419
6114
493
446
464
427
508
441
413
429
456
401
416
439
429
485
507
405
475
478
467
400
437
448
459
443
464
414
401
420
403
404
408
402
381
402
491
436
493
476
466
411
391
396
443
408
436
421
418
449
432
503
473
395
416
401
473
414
428
404
516
525
419
524
504
457
443
397
421
475
466
477
412
468
480
430
508
481
424
426
477
435
527
415
421
491
432
398
489
431
413
434
416
409
479
473
451
470
475
432
454
431
433
468
432
462
412
406
438
476
403
459
404
455
485
437
439
436
499
409
454
447
439
430
398
408
477
400
482
468
500
414
470
451
475
425
459
458
440
440
442
442
417
392
413
425
443
502
484
446
456
417
434
439
412
486
409
428
466
430
511
500
469
454
512
416
426
445
447
394
430
412
369
418
502
458
436
431
490
469
490
432
451
474
496
407
514
392
417
497
483
398
451
485
487
453
490
465
422
442
534
10240
470
415
485
426
479
475
412
477
437
494
434
476
440
427
494
487
486
473
470
440
435
478
459
469
414
473
469
440
442
436
438
437
419
426
424
468
476
428
433
417
480
415
435
459
462
446
419
508
398
410
407
428
457
450
421
404
400
408
380
402
451
434
419
417
385
389
434
395
426
401
405
407
410
390
417
462
440
422
518
450
515
502
429
492
476
438
472
429
476
422
458
472
483
475
429
416
414
498
516
10505
456
406
479
465
490
397
392
435
419
469
456
439
516
443
440
442
455
546
445
429
480
472
429
389
431
438
512
490
469
387
447
432
415
420
436
501
441
468
423
425
419
444
406
414
440
407
469
461
419
451
383
444
490
488
423
431
429
480
452
454
441
472
396
385
491
439
512
467
463
444
462
420
478
391
441
426
453
458
441
392
480
430
447
475
491
440
489
453
463
450
437
443
407
429
461
421
438
455
465
10081
448
453
438
429
420
441
506
482
481
459
448
427
439
404
391
474
423
423
449
439
403
438
464
474
415
400
446
485
480
441
482
439
487
409
471
477
489
441
408
479
495
424
499
480
495
445
475
509
402
393
416
425
415
435
430
488
521
441
412
491
444
409
437
465
430
421
443
409
492
409
460
487
474
492
461
433
504
437
431
495
410
450
508
477
455
461
410
420
441
434
465
434
452
438
411
417
436
416
415
