Execution time (ms)
11016
10812
11034
554
11077
11135
11267
11622
10829
10981
11079
10827
11036
10605
556
11331
11169
10581
10696
11172
576
10793
11050
11126
10891
11223
11072
557
11274
506
10809
530
10851
591
10990
561
10976
10702
11150
11248
10558
10724
10400
11370
11383
11220
11231
11189
10178
10916
11080
5130
11092
11221
10752
11755
11200
10840
10956
11163
12461
10537
10987
11135
11125
11042
10902
11146
10880
10948
11222
10834
11149
11087
11122
11311
2304
504
11063
11321
11224
9946
11049
11136
10146
10880
11904
11136
11317
10511
10767
11002
10667
10839
11203
2427
11249
11161
11166
10999
