Execution time (ms)
31442
30279
31303
30618
32419
32420
31145
30522
31328
31267
30963
31472
31654
31109
31511
31402
32651
32419
31717
31851
31607
31286
30950
31265
30108
31841
30991
31039
40305
32150
31188
31140
31942
30831
30731
30753
31346
31547
31349
29658
31675
30252
31061
29731
30727
30857
29971
31484
31411
30868
30181
31167
31988
31722
32403
30201
31169
31077
31022
30840
30354
31223
32443
31078
31130
32143
31359
31379
30653
30509
31315
30680
31518
31386
31033
30180
31226
30428
30951
31480
30048
31703
31163
39983
31182
31251
32090
30822
31202
31864
30819
30357
30218
31282
29839
31476
39406
32166
36566
31429
33863
39158
40489
30552
39500
40881
39253
40279
40299
47195
40870
40745
40072
41543
30911
40316
39907
40076
40195
47943
39301
38999
40438
40065
31190
40935
43849
39370
39673
30974
37880
40415
41107
39731
41820
30850
38981
36914
40354
15620
39904
40115
39088
48994
34590
33083
31216
39544
40132
40361
39752
34568
39169
39119
31757
31269
40240
41616
40296
37920
40441
40428
40611
40551
40758
40715
39787
31264
40321
40275
40024
33469
40063
40256
39036
30681
39443
32013
30610
39576
40293
26083
40308
40654
40044
35978
35040
40419
38805
40227
41295
40956
41326
32059
40890
40390
41062
40989
40627
41016
