Execution time (ms)28767
28287
28969
28488
28961
29531
28408
28384
30745
28439
28546
28028
21415
28816
28791
38339
29099
31009
28674
20497
30888
28644
28838
28901
30741
30348
28240
28905
24128
29319
29520
30132
29075
33622
28213
30526
28165
29102
49057
28709
29712
29289
28788
29598
29541
29744
28708
28439
29197
29454
29851
29078
28617
28351
28901
29900
29021
28657
29075
28505
28950
29471
28317
29182
20595
29677
26794
29513
29283
45939
29303
45939
29111
28569
29320
28772
28265
28921
28361
25852
29347
20154
29015
30267
28934
28907
28158
27953
27964
29527
28410
29313
24847
35227
28083
29041
29075
29322
27897
29322
