Execution time (ms)27290
28118
27910
29006
28091
26962
28612
27791
29469
19662
19164
28143
27897
36462
28160
27914
28867
26054
27845
28084
28080
26875
28310
27968
21750
27993
28119
28015
19259
28629
25757
28163
28359
41759
27014
44237
19028
28923
29456
27164
19850
30029
29210
27589
29175
29401
28075
28638
28727
20383
27855
28726
28314
29272
28339
26789
27905
30139
33065
28406
28658
29003
41471
28629
37181
28193
28738
24960
27648
19372
27195
28361
27813
26907
28122
28043
41500
28066
27261
28073
28615
24948
28126
19221
28395
19449
22847
28332
36194
27272
27450
28972
28643
28913
28292
29076
28728
28159
20616
28704
