Execution time (ms)29154
29146
29538
28796
30057
29493
28847
28896
28785
24354
28608
27243
28543
29187
27593
20478
28130
28790
44518
26693
28099
18830
29776
21438
28138
28118
29028
29747
28090
18842
28475
19535
27186
28873
43332
27987
29060
27700
28307
27409
44221
27852
27933
29175
30313
29190
27347
28695
31440
29280
20610
30588
29756
29393
29088
28163
28945
28612
28614
28474
30144
28505
29043
29492
29858
28792
19387
28401
28287
19219
28565
29920
30739
29154
21452
28184
27826
43137
26429
27193
22981
27856
28170
26717
27785
19581
27823
28186
28244
37721
27376
27710
18398
19178
18876
27574
26413
22509
26402
27449
